2789 850 -1
3713 746 -1
3499 264 -1
702 598 -1
4443 913 -1
1251 952 -1
177 353 -1
634 332 -1
3088 532 -1
4386 774 -1
3701 970 -1
4862 907 -1
629 61 -1
2113 703 -1
1006 950 1
3565 812 -1
1538 592 -1
1588 344 -1
390 474 -1
2882 669 -1
749 222 -1
454 341 -1
1236 668 -1
2814 840 -1
3532 507 -1
5354 859 -1
3844 467 -1
2305 151 -1
3681 494 -1
4805 466 -1
2873 187 -1
4 405 -1
3599 953 -1
4801 880 -1
2942 163 -1
3266 872 1
649 465 -1
1135 491 -1
3705 742 -1
4552 455 -1
4907 919 -1
4751 95 -1
4832 292 -1
2851 21 -1
3616 147 -1
2112 627 -1
1354 6 -1
1442 306 -1
1145 662 -1
2552 339 -1
3233 878 -1
5262 340 -1
1661 63 -1
2586 779 -1
3324 797 -1
11 814 -1
3259 730 -1
4363 269 -1
1853 715 -1
3329 859 -1
1204 766 -1
1858 608 -1
1200 877 -1
1033 570 -1
1030 997 -1
5286 915 -1
1705 995 -1
2431 27 -1
4938 196 -1
4101 312 -1
4416 211 -1
3324 399 -1
2625 867 -1
1251 281 -1
3155 39 -1
2135 926 -1
4114 954 -1
637 325 -1
4865 622 -1
2302 581 -1
2442 161 -1
540 192 -1
1917 978 -1
5383 617 -1
1318 915 -1
2602 666 -1
3713 281 -1
300 423 -1
4930 934 -1
5214 770 -1
114 817 -1
2862 812 -1
3067 827 -1
1034 207 -1
5387 46 -1
3511 235 1
832 675 -1
1109 95 -1
4362 679 -1
452 42 -1
4050 198 -1
4522 817 -1
894 714 -1
1648 686 -1
2881 703 -1
3398 892 -1
366 653 -1
5134 763 -1
668 205 -1
5074 550 -1
2277 504 -1
1577 384 -1
3898 174 -1
2590 583 -1
2115 582 -1
3106 9 -1
1535 923 -1
3455 624 -1
3325 748 -1
2327 563 -1
1790 905 -1
1634 17 -1
4738 711 -1
5225 786 1
3404 253 -1
999 551 -1
2679 843 -1
2796 812 -1
2019 274 -1
2155 691 -1
492 354 -1
2349 670 -1
3077 645 -1
941 476 -1
2635 238 -1
104 44 -1
2834 524 -1
1162 940 -1
1068 263 -1
4749 657 -1
3481 637 -1
1480 356 -1
5296 614 -1
3728 536 -1
2338 462 -1
1372 316 -1
3639 794 -1
2796 897 -1
3367 805 -1
62 44 -1
2375 766 -1
5359 814 -1
4772 871 1
3000 700 -1
3172 927 -1
4480 108 -1
5346 825 -1
4623 593 -1
197 80 -1
2598 892 -1
1599 251 -1
1434 562 -1
141 3 -1
5243 156 -1
4075 800 -1
903 608 -1
4002 140 -1
5092 830 -1
1610 869 -1
2591 960 -1
2710 557 -1
2798 388 -1
4298 692 -1
1251 553 -1
306 545 -1
2307 443 -1
910 697 -1
1213 245 -1
1332 666 -1
639 436 -1
2386 679 -1
2578 413 -1
631 278 -1
2886 239 -1
992 314 -1
4077 56 -1
1135 32 -1
1321 779 -1
3535 378 -1
763 599 -1
3941 84 -1
2201 738 -1
1591 2 -1
4302 713 -1
5243 727 -1
400 425 -1
2861 44 -1
2095 220 -1
77 233 -1
1350 225 -1
1432 838 -1
231 762 -1
5226 573 -1
2905 697 -1
1602 650 -1
177 898 -1
4463 543 -1
1343 930 -1
2955 8 -1
2755 93 -1
705 419 -1
4478 421 -1
1750 661 -1
2102 627 -1
1177 162 -1
2296 777 -1
3613 403 -1
251 642 -1
1389 162 -1
5003 184 -1
2468 457 -1
4517 629 -1
4480 680 -1
152 408 -1
3368 550 -1
3410 47 -1
3385 500 -1
3485 650 -1
5247 352 -1
954 633 -1
2302 149 -1
5304 170 -1
3989 871 -1
1132 859 -1
2780 251 -1
4465 396 -1
4002 409 -1
1168 422 -1
2062 990 -1
4041 674 -1
631 900 -1
3769 73 -1
2316 862 -1
1320 268 -1
2650 750 -1
1189 606 -1
3433 684 -1
2799 110 -1
3183 593 -1
3759 618 -1
2459 264 -1
1143 327 -1
5333 526 -1
5072 38 -1
644 228 -1
2815 820 -1
4836 924 -1
558 669 -1
1885 167 -1
4453 312 -1
1926 116 -1
2360 719 -1
1929 1 -1
3209 591 -1
2899 841 -1
1768 47 -1
2758 318 -1
1755 237 -1
2 854 1
2319 733 -1
4763 967 -1
3863 11 -1
817 623 -1
4677 801 -1
4997 169 -1
3491 37 -1
3115 347 -1
2039 948 -1
623 33 -1
1608 933 -1
5065 330 -1
3419 614 -1
2870 448 -1
4898 529 -1
480 83 -1
4523 579 -1
1589 709 -1
4927 100 -1
3641 175 -1
3460 605 -1
5244 835 -1
772 913 -1
3625 385 -1
2941 921 -1
1015 9 -1
1370 816 -1
4032 713 -1
3984 65 -1
1198 619 -1
3351 957 -1
1152 748 -1
2688 932 -1
4947 810 -1
783 238 -1
2862 806 -1
4286 559 -1
594 398 -1
3256 274 -1
5147 493 -1
1069 330 -1
4305 919 -1
915 799 -1
3473 942 -1
4832 12 1
3623 802 -1
2176 45 -1
4027 668 -1
2325 814 -1
3552 209 -1
4672 244 -1
687 450 -1
119 213 -1
1876 565 -1
2569 595 -1
4427 296 -1
4359 665 -1
3391 993 -1
482 914 -1
1261 89 -1
3416 693 -1
1828 487 -1
5237 212 -1
1697 465 -1
2168 607 -1
477 191 -1
2086 127 -1
3688 202 -1
3011 987 -1
5269 906 -1
1632 160 -1
142 105 -1
3084 611 -1
2246 258 -1
2475 925 -1
2097 882 -1
717 758 -1
2871 647 -1
446 248 -1
1530 922 -1
1853 32 -1
3694 214 -1
1692 651 -1
4202 67 -1
1184 854 -1
319 744 1
350 253 -1
1553 159 -1
720 218 -1
5376 188 -1
2889 734 -1
160 490 -1
704 329 -1
2111 297 -1
1936 902 -1
4603 1 -1
256 208 -1
1277 337 -1
2958 553 -1
3259 121 -1
2828 739 -1
4318 408 -1
1914 484 -1
1289 482 -1
5310 659 -1
1882 547 1
4155 584 -1
2119 426 -1
1733 773 -1
4648 593 -1
911 743 -1
2631 559 -1
2473 22 -1
4112 754 -1
3702 949 -1
3864 722 -1
1530 824 -1
1178 209 -1
1091 450 -1
1303 154 -1
2378 745 -1
5044 769 -1
1110 456 -1
4587 234 -1
368 656 -1
297 930 -1
152 979 -1
3042 868 -1
935 964 -1
1825 173 -1
1006 205 -1
2194 118 -1
1337 771 -1
1386 583 -1
3 174 -1
4473 503 -1
3574 191 -1
873 805 1
2690 575 -1
1540 279 -1
5174 477 -1
2434 328 -1
4849 499 -1
2846 964 -1
3187 987 -1
4706 424 -1
3251 400 -1
3894 43 -1
1678 819 -1
2170 364 -1
1412 965 -1
455 58 -1
3479 880 -1
442 435 -1
3130 293 -1
4778 702 -1
4829 177 -1
66 461 -1
231 712 -1
264 459 -1
2356 845 -1
184 687 -1
2486 878 -1
1876 237 -1
1173 918 -1
1482 777 -1
4265 968 -1
388 938 -1
1121 485 1
1528 291 -1
3403 659 -1
1790 864 -1
1403 843 -1
1058 423 -1
3780 472 -1
3938 58 -1
4333 322 -1
70 789 -1
145 885 1
1956 621 -1
1669 397 -1
1313 343 -1
310 570 -1
4271 754 -1
5390 826 -1
983 639 -1
5269 746 -1
1042 204 -1
3521 199 -1
996 814 -1
1676 61 -1
2700 805 -1
2747 363 -1
930 322 -1
3880 97 -1
2610 122 -1
5075 473 -1
238 591 -1
3048 115 -1
5203 45 -1
3537 109 -1
4524 422 -1
3433 356 -1
3349 411 -1
2696 922 -1
630 68 -1
2536 71 -1
4067 192 -1
2575 641 -1
4066 116 -1
3191 2 -1
5260 43 -1
2908 294 -1
2019 472 -1
50 273 -1
374 186 -1
4931 81 -1
3752 371 -1
4499 800 -1
4478 541 -1
449 341 -1
3543 611 -1
4374 195 -1
1632 507 -1
2669 326 -1
4569 347 -1
200 898 -1
5108 424 -1
1855 665 -1
3479 232 -1
1432 539 -1
694 36 -1
824 428 -1
199 244 -1
1639 422 -1
4141 710 -1
1757 823 -1
1194 708 -1
5007 74 -1
1293 695 -1
4609 931 -1
4231 444 -1
5317 119 -1
4611 742 -1
3276 403 -1
675 786 1
1233 119 -1
4674 300 -1
3356 560 -1
4878 588 -1
1333 946 -1
246 644 -1
3309 308 -1
4815 375 -1
2334 717 1
2152 931 -1
3865 699 -1
2689 575 -1
2596 515 -1
3151 509 -1
219 191 -1
1147 907 -1
4423 100 -1
3496 668 -1
3835 377 -1
4059 293 -1
2026 304 -1
233 41 -1
3667 543 -1
1242 163 -1
3586 664 -1
728 391 -1
2091 108 -1
624 675 -1
1386 654 -1
925 738 -1
4140 803 -1
2107 67 -1
309 100 -1
5065 595 -1
4026 311 -1
1359 282 -1
5382 781 -1
618 484 -1
1365 550 -1
3098 791 -1
942 236 -1
2534 750 -1
4913 398 -1
1534 784 -1
907 976 -1
3877 952 -1
4647 875 -1
2696 177 -1
230 767 -1
376 817 -1
1430 810 -1
1553 549 -1
4779 455 -1
1752 647 -1
4385 846 -1
1121 286 -1
931 325 -1
1853 190 -1
3119 161 -1
3323 37 -1
689 757 -1
334 301 -1
1579 736 -1
4994 26 -1
2256 710 -1
2456 627 -1
1354 162 -1
5302 609 -1
875 127 -1
265 389 -1
2398 405 -1
4710 997 -1
2048 171 -1
4181 444 -1
4873 50 -1
1611 959 -1
79 381 -1
5115 66 -1
4091 157 -1
523 375 -1
2737 367 -1
2313 793 -1
4823 634 -1
5068 557 -1
3486 481 -1
3084 203 -1
3211 974 -1
13 587 -1
4818 791 -1
3618 759 -1
1055 708 -1
4059 969 -1
5262 62 -1
1247 382 -1
2 116 -1
4536 404 -1
3947 265 -1
3925 517 -1
4233 485 -1
5326 480 -1
3349 236 -1
5139 244 -1
487 430 -1
4710 542 -1
197 705 -1
4966 932 -1
1796 859 -1
1827 189 -1
5032 741 -1
281 770 -1
5027 730 -1
4775 410 -1
3839 102 -1
854 871 -1
1503 699 -1
3692 305 -1
2817 310 -1
3656 940 -1
4169 37 -1
4987 446 -1
1473 99 -1
5075 897 -1
1420 995 -1
1686 918 -1
3986 539 -1
14 80 -1
4513 496 -1
1133 464 -1
814 331 -1
227 534 -1
4372 62 -1
1804 613 -1
486 431 -1
29 102 -1
2210 716 -1
5385 840 -1
660 911 -1
4253 176 -1
1588 712 -1
3129 882 -1
3856 533 -1
3293 620 -1
5080 714 -1
250 278 -1
837 962 -1
3920 1 -1
1797 745 -1
2036 16 -1
496 666 -1
2606 996 -1
923 262 -1
4270 534 -1
4980 632 -1
1057 564 -1
2749 307 -1
4259 146 -1
5392 764 -1
4199 657 -1
2118 432 -1
4854 548 -1
3458 433 -1
2854 765 -1
4872 423 -1
975 522 -1
4340 699 -1
1554 72 -1
2510 484 -1
719 535 -1
2112 784 -1
718 568 -1
1600 359 -1
2029 458 -1
3854 992 -1
4519 952 -1
2901 314 -1
1899 351 -1
795 36 -1
2333 789 -1
1874 533 -1
2670 170 -1
5149 639 -1
689 737 -1
1212 914 -1
2640 631 -1
1836 137 -1
3072 997 -1
2122 538 -1
420 293 -1
3683 988 -1
3772 965 -1
4761 377 -1
2609 827 -1
3951 568 -1
1234 845 -1
2371 347 -1
2379 98 -1
2966 568 -1
2850 962 -1
1374 618 -1
1815 358 -1
3606 135 -1
1035 959 -1
5158 258 -1
5297 485 -1
3956 150 1
914 514 -1
3367 732 -1
4124 471 -1
1186 725 -1
1828 157 -1
584 950 -1
2720 572 -1
1729 112 -1
5165 265 -1
710 738 -1
4634 521 -1
4726 27 -1
3045 576 -1
3374 419 -1
4284 662 -1
5207 379 -1
2545 78 -1
1859 55 -1
1495 830 -1
1136 123 -1
3625 206 -1
2605 671 -1
3487 908 -1
1848 37 -1
3760 401 -1
3106 348 -1
4761 526 -1
631 663 -1
3225 269 -1
521 403 -1
1407 767 -1
4713 607 -1
648 864 -1
1197 646 -1
3602 952 -1
2310 144 -1
2556 620 -1
1410 197 -1
4632 886 -1
188 187 -1
2083 115 -1
1396 904 -1
4505 952 -1
4756 286 -1
1 49 -1
2472 432 -1
1784 176 -1
2043 206 1
1973 997 -1
4694 199 -1
117 262 -1
3962 855 -1
1821 578 -1
978 398 -1
1511 852 -1
946 242 -1
4737 592 -1
1084 54 -1
1637 903 -1
753 733 -1
916 597 1
4947 930 -1
3920 168 -1
3536 895 -1
1043 236 -1
3471 194 -1
5171 750 -1
5387 812 -1
2302 579 -1
596 979 -1
5180 57 -1
844 579 -1
4651 946 -1
274 834 -1
2759 597 -1
870 874 -1
4968 873 -1
1266 759 -1
1049 763 -1
265 776 -1
4397 495 -1
4178 584 1
279 325 -1
2400 840 -1
509 846 -1
2979 571 -1
4178 644 -1
621 305 -1
1062 928 -1
4054 309 -1
314 43 -1
350 390 -1
1925 800 -1
4744 568 -1
4974 786 1
3029 904 -1
2432 84 -1
4603 93 -1
4306 184 1
1520 480 -1
1734 166 -1
280 540 1
2494 170 -1
4725 720 -1
3296 183 -1
2786 582 -1
1156 810 -1
4857 14 -1
853 687 -1
2649 611 -1
53 447 -1
1935 32 -1
3641 441 -1
278 423 -1
4115 699 -1
3863 380 -1
3914 403 -1
3889 713 -1
1025 573 -1
1466 240 -1
4251 916 -1
5310 708 -1
4891 800 -1
2567 259 -1
3050 874 -1
4932 845 -1
1310 853 -1
4846 733 -1
3342 221 -1
56 904 -1
4688 63 -1
4406 565 -1
1420 899 1
1847 57 -1
1838 879 -1
5371 850 -1
630 741 -1
3041 330 -1
5359 878 -1
4963 94 -1
2933 607 -1
2097 597 -1
1413 960 -1
3672 382 -1
3628 349 -1
892 431 1
1168 832 -1
4493 603 -1
4605 511 -1
2904 167 -1
4575 964 -1
3967 382 -1
206 685 -1
3871 470 -1
947 543 -1
609 439 -1
5378 235 -1
2771 707 -1
3720 438 -1
823 947 -1
1407 414 -1
272 71 -1
4289 565 -1
3535 389 -1
5166 891 -1
1269 672 -1
4425 304 -1
2441 176 -1
3846 370 -1
4836 411 -1
2410 93 -1
3961 14 -1
3913 804 -1
3930 800 -1
4937 476 -1
4320 290 -1
197 562 -1
1222 15 -1
1363 486 -1
4608 635 -1
4762 623 -1
4217 674 -1
4491 538 -1
1806 182 -1
1698 699 -1
596 825 -1
4276 822 -1
3592 118 -1
3782 232 -1
257 432 -1
2834 145 -1
2756 221 -1
4261 224 -1
4096 541 -1
2523 74 -1
3753 933 -1
2611 770 -1
2179 848 -1
4988 169 -1
1534 539 -1
5029 575 -1
3349 794 -1
3287 847 -1
4239 892 -1
2607 875 -1
2864 39 -1
1660 31 -1
2079 401 -1
88 397 -1
1315 800 -1
3547 778 -1
4434 153 -1
2910 833 -1
4816 217 -1
5400 530 -1
4039 304 -1
4034 503 -1
1225 804 -1
1797 500 -1
4425 824 -1
1719 706 -1
451 649 -1
268 328 -1
4227 340 -1
3163 157 -1
5278 348 -1
2845 694 -1
5112 895 -1
5252 585 -1
2148 333 -1
4757 302 -1
4902 957 -1
3647 309 -1
442 717 -1
4413 601 -1
2440 881 -1
1092 36 -1
2180 106 -1
3189 135 -1
137 589 -1
4848 923 -1
19 628 -1
4228 12 -1
1544 946 1
5170 101 -1
1877 677 -1
865 649 -1
1761 287 -1
3024 140 -1
2478 699 -1
4018 831 -1
1388 922 -1
636 75 -1
4518 494 -1
1665 280 -1
3057 410 -1
1010 734 -1
136 724 -1
2890 829 -1
2864 471 -1
4380 186 -1
401 997 -1
5350 565 -1
2255 283 -1
3800 38 -1
2584 557 -1
159 965 -1
1647 78 -1
2615 684 -1
3181 173 -1
5152 922 -1
1802 685 -1
3252 935 1
2930 722 -1
943 753 -1
1779 937 -1
3909 6 -1
4519 560 -1
4630 103 -1
933 435 -1
774 232 -1
2114 341 -1
3370 711 -1
599 201 -1
2029 360 -1
702 85 -1
700 404 -1
2473 346 -1
4141 829 -1
3130 420 -1
4632 79 -1
113 383 -1
2048 333 -1
1305 150 -1
4884 170 -1
3113 570 -1
4799 997 -1
1623 723 -1
2425 98 -1
3289 419 -1
3142 476 -1
3777 890 -1
3616 689 -1
664 965 -1
994 667 -1
267 938 -1
3357 896 -1
4281 718 -1
3508 916 -1
2691 294 -1
458 574 -1
2345 313 -1
4786 339 -1
3959 81 -1
2700 700 -1
3767 47 -1
1328 361 -1
4228 748 -1
4112 548 -1
4700 86 -1
2899 918 -1
345 531 -1
1126 493 -1
434 347 -1
2358 358 -1
4366 131 1
626 616 -1
228 34 -1
2438 577 -1
1976 919 -1
1542 770 -1
3398 266 -1
3442 166 -1
2437 853 -1
3737 511 -1
4460 693 -1
4959 165 -1
3481 655 -1
5045 690 -1
376 770 -1
3847 30 1
2738 300 -1
4236 799 -1
1889 548 -1
1360 544 -1
289 968 -1
215 477 -1
5053 642 -1
4607 241 -1
3033 635 -1
3220 975 -1
2675 587 -1
1185 38 1
5049 494 -1
4893 456 -1
729 278 -1
4475 506 -1
362 649 -1
3575 979 -1
4605 286 -1
2403 270 1
4919 816 -1
2002 480 -1
3461 705 -1
233 321 -1
4241 712 -1
325 480 -1
631 973 -1
4446 292 -1
214 682 -1
2488 988 -1
3141 32 -1
2020 185 -1
3291 35 -1
1821 155 -1
4757 722 -1
3464 932 -1
4127 478 -1
1314 570 -1
3831 460 -1
1099 874 -1
2658 273 -1
1436 462 -1
1186 644 -1
4871 483 -1
3720 779 -1
3198 150 1
2406 894 -1
542 151 -1
4398 200 -1
5290 881 -1
923 902 -1
3481 779 -1
1837 569 -1
2122 96 -1
3105 470 -1
464 725 -1
5362 85 -1
3163 727 -1
1830 621 -1
4843 971 -1
4332 640 -1
4492 728 -1
4681 150 -1
4139 894 -1
989 455 -1
5080 440 -1
4474 55 -1
3228 114 -1
3200 572 -1
2445 870 -1
1374 408 -1
4631 494 -1
2214 706 -1
3600 544 -1
3989 34 -1
1266 390 -1
3492 441 -1
5172 502 -1
2872 858 -1
4635 576 -1
1482 547 -1
1488 335 -1
5066 915 -1
2073 514 -1
2385 968 -1
4438 372 -1
1533 853 -1
4775 824 -1
2393 121 1
4449 792 -1
3900 505 -1
1833 630 -1
2735 226 -1
3483 858 -1
2785 838 -1
3891 838 -1
174 336 -1
3451 266 -1
144 101 -1
2602 171 -1
756 357 -1
2249 92 -1
2107 667 -1
2511 505 -1
2940 802 -1
4313 649 -1
1905 211 -1
2321 639 -1
2848 535 -1
4732 767 -1
2924 578 -1
2669 368 -1
995 996 1
2031 629 -1
1463 430 -1
1107 84 -1
1086 599 -1
2091 493 -1
2982 454 -1
649 172 -1
4837 283 -1
2352 946 -1
2626 491 -1
1678 745 -1
3599 903 -1
1443 212 -1
4493 189 -1
4299 323 -1
4318 475 -1
2562 623 -1
2206 825 -1
220 707 -1
1811 514 -1
3205 293 1
4731 249 -1
4324 870 -1
3566 877 -1
2275 402 -1
4175 298 -1
3451 961 -1
741 536 -1
3340 702 -1
1870 993 -1
4143 689 -1
2604 947 -1
4009 584 -1
4772 826 -1
4283 134 -1
3864 984 -1
5107 139 -1
3801 4 -1
662 732 -1
2156 158 -1
4845 849 -1
197 454 -1
4864 306 1
3866 166 -1
3292 67 -1
2836 833 -1
4116 608 -1
303 989 -1
4817 398 -1
3147 210 -1
4852 766 1
2934 262 -1
2561 736 -1
2853 316 -1
775 18 -1
715 761 -1
454 708 -1
685 617 -1
5368 372 -1
3340 939 -1
2273 331 -1
1430 477 -1
3387 612 -1
5310 391 -1
706 106 -1
5101 944 -1
454 835 -1
1857 765 -1
5141 408 -1
64 576 -1
1152 661 -1
3422 385 -1
2245 336 -1
3005 370 -1
2033 495 -1
4911 316 -1
3929 44 -1
933 530 -1
2440 432 -1
4218 952 -1
4395 938 1
5146 494 -1
2954 363 -1
3018 856 -1
504 859 -1
3802 435 -1
3703 790 -1
902 285 -1
1405 184 -1
1921 486 -1
4471 306 -1
4375 471 -1
3673 207 -1
3814 124 -1
2167 595 -1
2548 208 -1
3262 462 -1
1731 823 -1
2908 34 -1
1699 172 -1
3925 732 -1
3358 662 -1
2395 501 -1
338 331 -1
3199 801 -1
5218 835 -1
3187 102 -1
3501 413 -1
708 415 -1
3528 794 -1
4615 497 -1
2009 708 -1
3661 132 -1
3658 368 -1
1154 887 -1
1740 201 -1
4404 928 -1
2037 509 -1
1242 520 -1
705 767 -1
4145 637 -1
4289 248 -1
1174 744 -1
4211 612 -1
916 53 -1
2691 340 -1
3333 810 -1
1375 422 -1
2507 685 -1
3916 950 -1
5122 967 -1
884 485 -1
2132 57 -1
296 341 -1
1064 157 -1
5334 812 -1
4230 29 -1
2714 111 -1
1550 581 1
4983 983 -1
1872 276 -1
2680 196 -1
920 780 -1
4487 299 -1
4720 775 -1
1187 744 -1
4471 837 -1
1047 382 -1
3966 569 -1
60 329 -1
4467 714 -1
2377 396 1
1073 280 -1
1041 750 -1
3927 843 -1
5324 201 -1
2608 46 -1
4443 224 -1
2167 14 -1
92 558 -1
4148 399 -1
1052 77 -1
4729 128 -1
3452 995 -1
1201 914 -1
4587 910 -1
3067 459 -1
5389 870 -1
2032 187 -1
666 325 -1
265 720 -1
3917 208 -1
5013 987 -1
3165 803 -1
4792 112 -1
1606 392 -1
1000 604 -1
4691 828 -1
597 693 -1
2077 219 -1
4160 934 -1
186 501 1
4217 967 -1
730 558 -1
4376 460 -1
471 920 -1
1563 108 -1
3985 131 1
2188 92 -1
3544 137 -1
4937 840 -1
4997 693 -1
2628 81 -1
5148 979 -1
3962 808 -1
5187 445 -1
4006 562 -1
2138 13 -1
880 619 -1
1895 7 -1
4871 524 -1
4134 211 -1
4608 857 -1
3539 788 -1
3326 555 -1
5032 221 -1
4505 116 -1
5384 502 -1
2695 629 -1
3274 75 -1
1314 254 -1
3034 442 -1
598 504 -1
5165 665 -1
3343 694 -1
3290 58 -1
2228 872 -1
1816 120 -1
2085 988 -1
2030 55 -1
2547 206 -1
1400 185 -1
1789 883 -1
2069 837 -1
401 727 -1
5017 390 -1
1764 454 -1
600 599 -1
1970 264 -1
4597 372 -1
2921 537 -1
1875 880 -1
4442 777 -1
1218 166 -1
2767 603 -1
74 15 -1
1814 145 -1
1778 100 -1
2553 63 -1
5246 761 -1
4934 485 -1
2921 589 -1
3581 875 -1
614 608 -1
1919 313 -1
4298 338 -1
2158 651 -1
3587 556 -1
3734 233 -1
300 176 -1
368 307 -1
860 828 -1
2652 848 -1
4156 493 -1
3006 22 -1
2778 460 -1
2404 604 -1
2339 671 -1
207 338 -1
170 53 -1
2826 700 -1
1296 996 -1
2631 945 -1
4029 727 -1
560 284 -1
913 629 -1
5257 811 -1
4360 164 -1
5031 60 -1
733 544 -1
4522 472 -1
3841 288 -1
4434 696 -1
5319 460 -1
1448 258 -1
4423 393 -1
1408 851 -1
2847 333 -1
3890 316 -1
3156 45 -1
1470 221 -1
4006 596 -1
1028 449 -1
1667 436 -1
4033 679 -1
3940 391 -1
5347 927 -1
4080 384 -1
3194 230 -1
3287 16 -1
12 6 -1
1409 154 -1
1313 112 -1
3587 3 -1
1041 885 1
3340 290 -1
5030 243 -1
4060 10 -1
1276 719 -1
740 435 -1
810 804 -1
3572 438 -1
2029 826 -1
1651 836 -1
4269 974 -1
4644 212 -1
438 92 -1
2298 572 -1
2359 679 -1
891 853 -1
3296 921 -1
2540 570 -1
4924 497 -1
2796 322 -1
4751 20 -1
2422 364 1
598 221 -1
3396 818 -1
2461 349 -1
4783 755 -1
335 829 -1
584 27 -1
4294 861 -1
2899 872 -1
3223 68 -1
4526 496 1
2791 84 -1
4293 10 -1
3730 288 -1
1207 953 -1
1467 124 -1
3205 136 -1
1447 335 -1
1542 687 -1
4423 480 -1
4991 121 -1
2520 241 -1
2919 725 -1
136 104 -1
335 400 -1
1947 911 -1
5156 299 -1
1331 165 -1
4975 685 -1
4721 274 -1
2403 281 -1
163 303 -1
4191 326 -1
3266 451 -1
3525 615 -1
1541 836 -1
4149 579 -1
3996 625 -1
2792 55 -1
3954 720 -1
1804 214 -1
5292 633 -1
3859 568 -1
1677 975 -1
5164 243 -1
1436 108 -1
519 68 -1
4081 726 -1
3199 704 -1
4321 711 -1
3117 155 -1
4152 65 -1
1435 620 -1
266 282 -1
4202 404 -1
3887 256 -1
4769 14 -1
636 552 -1
1243 26 -1
314 663 -1
846 414 -1
165 963 -1
5074 6 -1
2187 238 -1
1857 606 -1
4223 11 -1
4927 339 -1
4823 836 -1
2823 482 -1
2944 918 -1
2152 842 -1
4020 753 -1
5040 233 -1
979 981 -1
2255 607 -1
4999 742 -1
1070 715 -1
4867 284 -1
2311 623 -1
3761 974 -1
503 667 -1
2484 202 -1
4039 537 -1
3019 707 -1
5363 20 1
4352 217 -1
1988 211 -1
1830 803 -1
4723 288 -1
2346 639 -1
5270 915 -1
3068 554 -1
1106 167 -1
2080 899 -1
996 12 -1
2621 544 -1
1298 693 -1
2852 560 -1
3267 581 -1
1877 961 -1
337 531 -1
3218 624 -1
3948 467 -1
3398 410 -1
1203 802 -1
5124 887 -1
1213 315 -1
4569 532 -1
1129 282 -1
2992 558 -1
3155 326 -1
682 141 -1
1239 74 -1
2063 827 -1
616 325 -1
2874 810 -1
2298 204 -1
3870 508 -1
4991 651 -1
4184 896 -1
5364 323 -1
3207 892 -1
273 836 -1
332 866 -1
226 204 -1
3053 67 -1
3904 247 -1
240 441 1
151 917 -1
215 965 -1
4904 232 -1
1039 948 -1
1842 136 -1
427 705 -1
3707 708 -1
77 927 -1
5217 719 -1
4899 488 -1
1115 776 -1
3778 206 -1
4077 241 -1
3202 435 -1
2500 373 -1
2847 731 -1
4693 298 -1
3681 775 -1
3312 317 -1
1531 905 -1
4790 412 1
3339 989 -1
3064 851 -1
3684 53 -1
1765 559 -1
4584 936 -1
1608 895 -1
3926 523 -1
1309 360 -1
4811 18 -1
2366 593 -1
2045 180 -1
754 30 -1
9 162 -1
1199 668 -1
4191 800 -1
3213 162 -1
3191 980 -1
3254 306 -1
1150 878 -1
4222 904 -1
4937 387 -1
3120 391 -1
3802 798 -1
4409 560 -1
1435 792 -1
2513 96 -1
1609 25 -1
479 631 -1
3979 876 -1
514 486 -1
826 39 -1
2085 58 -1
269 632 -1
2666 430 -1
2586 209 -1
37 722 -1
1843 466 -1
1059 526 -1
3763 391 -1
720 391 -1
97 527 -1
3237 160 -1
2468 656 -1
1519 179 -1
1306 616 -1
4396 484 -1
787 650 1
2942 821 -1
3601 890 -1
385 198 -1
3296 435 -1
4007 728 -1
4371 533 -1
2337 315 -1
2275 277 -1
4357 341 -1
5320 434 -1
3666 403 -1
3150 101 -1
1770 749 -1
3024 748 -1
4411 676 -1
3783 691 -1
51 620 -1
1181 179 -1
3748 35 -1
4324 698 -1
3429 869 -1
180 931 -1
4719 695 -1
1435 629 -1
2260 937 -1
3361 632 -1
3087 684 -1
3086 78 -1
3809 259 -1
4679 148 -1
1443 101 -1
4249 19 -1
4821 662 -1
1304 222 -1
1313 511 -1
96 971 -1
3447 290 -1
1704 193 1
3256 262 -1
4707 933 -1
1182 36 -1
202 9 -1
1638 156 -1
2715 531 -1
4053 402 -1
5235 990 -1
167 103 -1
3431 434 -1
4807 754 -1
2175 418 -1
2443 834 -1
3952 472 -1
3978 213 -1
122 464 -1
5208 472 -1
3114 384 -1
2337 766 1
1486 958 -1
5376 167 -1
4084 294 -1
963 64 -1
3551 381 -1
2040 26 -1
1353 598 -1
342 961 -1
1186 288 -1
2686 162 -1
1557 721 -1
305 355 -1
5308 94 -1
847 356 -1
689 911 -1
184 226 -1
5130 803 -1
5240 465 -1
4703 982 -1
1377 163 -1
4758 894 -1
1371 320 1
1205 363 -1
320 117 -1
1999 808 -1
922 808 -1
1459 651 -1
2524 659 -1
1439 868 -1
2253 843 -1
1081 136 -1
4920 170 -1
5350 386 -1
2168 74 -1
28 57 -1
38 134 -1
864 143 -1
3374 160 -1
1786 366 1
3206 229 -1
417 368 -1
783 286 -1
2773 664 -1
3006 631 -1
5311 359 -1
1798 98 -1
2931 728 -1
3353 549 -1
4770 350 -1
2826 683 -1
5302 615 -1
467 141 -1
1536 415 -1
1233 143 -1
3982 144 -1
1897 115 -1
2842 634 -1
109 193 -1
4179 542 -1
785 70 -1
2084 336 -1
3829 770 -1
1382 97 -1
2826 965 -1
1836 952 -1
4636 183 -1
3850 569 -1
106 793 -1
4067 621 -1
1785 976 -1
477 646 -1
2097 690 -1
5244 55 -1
2920 606 -1
308 506 -1
1164 493 -1
778 907 -1
5119 673 -1
2812 252 -1
2074 321 -1
986 944 -1
28 560 -1
263 332 -1
2771 531 -1
5318 183 -1
1994 379 -1
2932 287 -1
2222 863 -1
3060 425 -1
269 824 -1
2951 517 -1
1090 846 -1
2611 752 -1
3524 628 -1
3475 292 -1
5258 293 -1
3327 575 -1
1648 417 -1
4140 154 -1
238 889 -1
4277 14 1
1552 946 -1
326 534 -1
2716 387 -1
3024 128 -1
4470 496 -1
3510 483 -1
4764 413 -1
5116 346 -1
5176 103 -1
3248 959 -1
1947 459 -1
3065 81 -1
3176 377 -1
4907 406 -1
2112 103 -1
1276 660 -1
5370 635 -1
475 544 -1
5370 735 -1
1178 854 -1
3340 267 -1
4895 396 1
3416 639 -1
3820 219 -1
10 291 -1
3585 982 -1
4175 307 -1
4768 281 -1
2169 208 -1
3429 917 -1
4195 492 -1
1755 542 -1
1756 815 -1
112 366 -1
625 786 -1
1625 86 -1
3490 370 -1
3332 467 -1
1159 945 -1
2771 329 -1
333 917 -1
2384 293 -1
115 305 -1
1747 268 -1
2847 653 -1
2496 394 -1
4245 352 -1
3878 28 -1
583 413 -1
492 964 -1
1180 592 -1
4676 628 -1
1042 600 -1
3442 991 -1
1351 80 -1
678 798 -1
331 834 -1
4274 207 -1
2319 557 -1
2600 16 -1
5098 704 -1
4063 156 -1
3995 104 -1
1781 167 -1
3454 977 -1
1149 335 -1
3280 527 -1
949 2 -1
4104 418 -1
571 888 -1
2881 940 -1
3642 214 -1
5269 27 -1
3669 390 -1
1063 291 -1
3741 910 -1
1666 765 1
4127 276 -1
2623 409 -1
4064 195 -1
1719 600 -1
597 747 -1
5195 745 -1
3361 995 -1
868 881 -1
4819 198 -1
2810 483 -1
409 823 -1
3320 859 -1
4678 223 -1
5207 510 -1
1425 342 -1
2391 598 -1
2401 767 -1
1312 40 -1
4673 420 -1
4508 958 -1
2052 488 -1
2109 879 -1
4148 528 -1
2623 650 -1
1254 948 -1
2810 532 -1
1680 289 -1
3911 499 -1
4283 308 -1
3910 426 -1
1807 733 -1
4875 670 -1
2152 767 -1
3136 880 -1
19 756 -1
75 378 -1
297 394 -1
3182 834 -1
5100 828 -1
1506 576 -1
4453 375 -1
4 577 -1
3570 348 -1
2804 750 -1
4952 648 -1
1728 430 -1
5392 428 -1
1207 992 -1
3423 936 -1
1001 372 -1
4465 938 -1
3255 543 -1
1383 123 -1
470 667 -1
4348 558 -1
2830 944 -1
4747 430 -1
4540 412 -1
1192 151 -1
616 155 -1
2713 935 -1
4702 259 -1
2603 594 -1
2447 423 -1
3217 562 -1
5280 312 -1
5366 671 -1
1635 851 -1
3046 719 -1
3098 77 -1
3415 433 -1
2947 625 -1
3426 153 -1
4467 520 -1
2788 326 -1
2006 12 1
4108 995 -1
4863 13 -1
2981 677 -1
2191 355 -1
723 211 -1
4947 827 -1
89 686 -1
1891 431 -1
4004 34 -1
2680 660 -1
2133 180 -1
1728 353 -1
3037 43 -1
3564 700 -1
2979 887 -1
3519 695 -1
2859 444 -1
3957 153 -1
1811 40 -1
4509 988 -1
207 112 -1
4194 596 -1
160 349 -1
3405 398 -1
5062 379 -1
1208 847 -1
2934 610 -1
3522 809 -1
2925 204 -1
46 343 1
841 563 -1
4794 201 -1
1247 809 -1
430 915 -1
459 96 -1
3022 26 -1
4066 814 -1
385 603 -1
1685 198 -1
207 748 -1
4015 788 -1
1245 900 -1
1531 473 -1
352 997 -1
5228 861 -1
4574 746 -1
4263 732 -1
5041 65 -1
2992 459 -1
2795 461 -1
4755 18 -1
487 425 -1
1171 596 -1
1280 661 -1
2505 902 -1
2600 758 -1
496 38 -1
2065 198 -1
3712 147 -1
3583 938 -1
4560 488 -1
2542 335 -1
312 423 -1
1317 715 -1
3593 897 -1
5340 687 -1
1281 371 -1
193 769 -1
3002 772 1
5358 465 -1
2124 775 -1
1416 290 -1
161 621 -1
2212 52 -1
441 585 -1
463 544 -1
2859 888 -1
4575 920 -1
3528 471 -1
2667 459 -1
3187 243 -1
3677 970 -1
4331 94 -1
2952 100 -1
182 213 -1
2958 84 -1
5323 384 -1
538 562 -1
2712 77 -1
4284 372 -1
3885 293 -1
572 388 -1
4698 992 -1
1966 385 -1
2732 487 -1
3610 993 -1
4522 268 -1
2056 318 -1
349 817 -1
5281 166 -1
5375 432 -1
1718 390 -1
5130 257 -1
688 713 -1
5313 327 -1
203 569 -1
4049 832 -1
3860 128 -1
4860 209 -1
3938 599 -1
1665 617 -1
1729 96 -1
1594 998 -1
2015 806 -1
4810 791 -1
165 534 -1
1870 552 -1
4088 394 -1
4909 816 -1
4922 733 -1
4664 322 -1
280 518 -1
1844 951 -1
1201 480 -1
4303 361 -1
2444 707 -1
2039 857 -1
3378 979 -1
2531 819 -1
2382 604 -1
1170 994 -1
3340 521 -1
1090 659 -1
5393 423 -1
3310 21 -1
5366 87 -1
34 570 -1
1052 908 -1
4941 666 -1
392 354 -1
2501 974 -1
371 711 -1
4783 526 -1
1607 287 -1
5138 683 -1
1983 90 -1
2465 218 -1
2326 888 -1
2664 968 -1
3758 21 -1
829 842 -1
3231 676 -1
5305 61 -1
3148 365 -1
4296 366 -1
2147 471 -1
1671 92 -1
5162 40 -1
755 890 -1
3540 897 -1
1294 743 -1
3968 896 -1
1048 160 -1
102 669 -1
1696 389 -1
4812 775 -1
727 970 1
1757 417 -1
801 398 -1
2049 216 -1
4883 28 -1
1118 149 -1
3380 569 -1
4518 843 -1
5215 616 -1
617 45 -1
4264 325 -1
3615 351 -1
3778 776 -1
4201 645 -1
4241 639 -1
4882 31 -1
3527 834 -1
4285 180 -1
4715 524 -1
4187 516 -1
2307 201 -1
377 665 -1
4591 527 -1
1884 366 -1
1482 766 -1
5017 525 -1
552 266 -1
1694 163 -1
2226 950 -1
5223 680 -1
3544 123 -1
1776 476 -1
3027 15 -1
3326 896 -1
3205 95 -1
2966 791 -1
2127 370 -1
53 164 -1
1872 776 -1
1170 721 -1
4448 636 1
4596 137 -1
3472 890 -1
3111 797 -1
3434 65 -1
2320 72 -1
4248 780 -1
4724 877 -1
3222 610 -1
3310 24 -1
3760 295 -1
4261 357 -1
3319 909 -1
3760 220 -1
1119 309 -1
665 479 -1
2958 981 -1
5377 81 -1
1409 706 -1
1799 146 -1
3551 553 -1
3930 161 -1
239 471 -1
3254 525 -1
482 563 -1
2993 730 -1
5311 551 -1
339 914 -1
3736 557 -1
2715 789 -1
4151 586 -1
111 844 -1
1773 892 -1
3422 987 -1
798 545 -1
2166 46 -1
263 256 -1
621 725 -1
3484 149 -1
3427 477 -1
2858 484 -1
4090 641 -1
935 906 -1
4560 890 -1
2185 850 -1
3130 8 -1
2031 736 -1
1021 405 -1
410 567 -1
2962 555 -1
2709 419 -1
4780 175 -1
1266 26 -1
471 346 -1
2732 244 -1
275 352 -1
1867 916 -1
4165 48 -1
3912 334 -1
5107 547 -1
35 481 -1
4517 693 -1
3192 742 -1
257 42 -1
901 580 -1
3134 608 -1
1071 95 -1
2645 29 -1
4854 727 -1
2069 339 -1
2130 169 -1
3575 504 -1
3912 323 -1
4232 137 -1
4860 517 -1
2944 935 -1
1140 929 -1
23 905 1
4682 649 -1
1262 411 -1
2493 628 -1
680 977 -1
4387 787 -1
5024 590 -1
2405 71 -1
1577 497 -1
3305 91 -1
2725 719 -1
4155 157 -1
1562 381 -1
5077 604 -1
1004 461 -1
4095 837 -1
4183 43 -1
3195 312 -1
1321 503 -1
1218 467 -1
196 376 1
1501 693 -1
247 9 -1
1297 835 -1
1831 777 -1
868 4 -1
4972 982 -1
127 260 -1
4685 799 -1
4648 587 1
3976 753 -1
3575 287 -1
2395 924 -1
1483 745 -1
3420 640 -1
186 161 -1
1113 531 -1
2682 648 -1
1998 256 -1
3755 483 -1
2664 342 -1
2333 948 -1
3452 560 -1
3898 685 -1
2199 585 -1
3774 673 -1
2950 129 -1
610 441 -1
1296 637 -1
343 944 -1
74 891 -1
267 75 -1
1494 991 -1
2050 274 1
5353 20 -1
2543 796 -1
2085 388 -1
3911 40 -1
2230 789 -1
5280 1 -1
4535 416 -1
463 792 -1
4595 424 -1
1731 719 -1
1697 842 -1
2437 304 -1
3913 50 -1
245 482 -1
4326 988 -1
2875 27 -1
1463 366 -1
4551 855 -1
228 411 -1
3799 650 -1
2887 886 -1
3482 8 -1
3892 559 -1
586 439 -1
578 966 -1
4168 487 -1
1017 171 -1
1832 312 -1
3446 984 -1
5204 968 -1
2666 68 -1
1017 599 -1
3877 684 -1
4762 682 -1
772 918 -1
1734 182 -1
2196 397 -1
5067 689 -1
2926 744 -1
1848 64 -1
1493 885 -1
4036 251 -1
3467 723 1
2030 759 -1
160 702 -1
1826 776 -1
1881 34 -1
2688 482 -1
3062 783 -1
3901 760 -1
3248 563 -1
2961 418 -1
4082 500 -1
3525 608 -1
4513 540 -1
4053 595 -1
728 189 -1
2915 334 -1
741 569 -1
5117 334 -1
2853 473 -1
2708 759 -1
1162 887 -1
3660 790 -1
3244 37 -1
2303 868 -1
2095 93 -1
2524 581 -1
5346 427 -1
5134 69 -1
886 527 -1
3538 640 -1
3860 687 -1
4493 442 -1
4375 253 -1
1890 187 -1
1095 274 -1
1193 315 -1
395 179 -1
732 978 -1
2290 210 -1
4582 285 -1
4464 77 -1
5082 943 -1
3679 849 -1
3709 71 -1
5113 644 -1
519 674 -1
5046 182 -1
827 618 -1
2231 358 -1
367 457 -1
3332 209 -1
3382 85 -1
939 347 -1
5047 887 -1
4328 931 -1
2423 169 -1
4853 903 -1
514 642 -1
2135 175 -1
4111 182 -1
1205 457 -1
2172 645 -1
1570 339 -1
3194 752 -1
3517 838 -1
1203 31 -1
4565 515 -1
4681 866 -1
1273 117 -1
4761 126 -1
868 303 -1
2550 933 -1
4650 712 -1
1856 67 -1
710 308 -1
1246 118 -1
1385 853 -1
2609 433 -1
4749 827 -1
2900 37 -1
4950 607 -1
565 523 -1
1371 704 -1
3211 315 -1
3652 73 -1
2142 678 -1
901 745 -1
1621 64 -1
623 147 -1
161 220 -1
4212 145 -1
2986 662 -1
289 726 -1
4050 614 -1
1353 559 -1
2479 276 -1
3449 924 -1
4060 393 -1
3631 311 -1
316 24 -1
2511 964 1
4150 667 -1
5248 907 -1
5357 390 -1
4720 344 -1
3557 351 -1
1329 531 -1
4331 305 -1
295 427 -1
3061 725 -1
988 385 -1
2232 957 -1
4467 426 -1
4252 893 -1
532 988 -1
1053 880 -1
3607 63 -1
3765 599 -1
3432 449 -1
4797 703 -1
2724 236 -1
5123 149 -1
325 100 -1
5291 517 -1
24 580 -1
2519 729 -1
469 186 1
3793 930 -1
5136 996 1
2657 432 -1
3231 976 -1
4867 907 -1
4197 376 -1
3619 101 -1
2295 858 -1
1267 892 -1
3124 836 -1
843 258 -1
3156 582 -1
4980 215 -1
1267 227 -1
5127 409 -1
2598 115 -1
3875 94 -1
4920 297 -1
2058 216 -1
4823 853 -1
1263 945 1
662 203 -1
2213 368 -1
1643 51 -1
3873 610 -1
4800 468 -1
1352 846 -1
2162 233 -1
3025 121 -1
4213 290 -1
4497 245 -1
980 285 -1
2342 575 1
489 11 -1
5251 280 -1
834 539 -1
1095 477 -1
2276 202 -1
2975 673 -1
722 948 -1
278 547 -1
3767 404 -1
5095 668 -1
1338 706 -1
2144 708 -1
2783 108 -1
5134 439 -1
3185 250 -1
4121 964 -1
2859 980 -1
3164 961 -1
3210 173 -1
5155 456 -1
641 694 -1
1593 814 -1
5329 4 -1
4775 609 -1
2594 765 1
3033 763 -1
1710 422 -1
4728 984 -1
115 26 -1
1342 451 -1
812 755 -1
1439 742 -1
3077 675 -1
4216 895 -1
3666 370 -1
1963 251 -1
2295 629 -1
4796 302 -1
5001 389 -1
2818 547 -1
3171 703 -1
1914 848 -1
5368 208 -1
1522 232 -1
3631 375 -1
1816 944 -1
4107 410 -1
3559 146 -1
4712 533 -1
2576 245 -1
3147 246 -1
74 835 -1
3164 442 -1
478 779 -1
4912 193 -1
597 449 -1
1852 646 -1
4118 697 -1
4444 837 -1
3789 475 -1
1917 616 -1
1564 686 -1
2911 729 -1
4432 937 -1
1338 346 -1
1576 502 -1
958 975 -1
1093 753 -1
3540 222 -1
1549 614 -1
1270 302 -1
2908 341 -1
2310 621 -1
3981 142 -1
176 770 -1
17 24 -1
4758 408 -1
408 900 -1
1983 527 -1
720 742 -1
5373 995 -1
809 667 -1
2176 797 -1
2134 146 -1
4089 537 -1
2626 815 -1
442 710 -1
2130 75 -1
3306 351 -1
2138 521 -1
2630 207 -1
31 940 -1
32 561 -1
4889 777 -1
1066 304 -1
3143 34 -1
4381 723 -1
1488 85 -1
4971 434 -1
2500 425 -1
576 298 -1
4412 369 -1
1848 858 -1
3800 781 -1
2146 547 -1
4856 339 -1
3144 97 -1
566 356 -1
4718 722 -1
4063 27 -1
3671 933 -1
2864 375 -1
1158 568 -1
2989 900 -1
2940 780 -1
4626 866 -1
1513 89 -1
421 693 -1
913 498 -1
3103 917 -1
1578 939 1
952 935 -1
1728 828 -1
4650 699 -1
619 472 -1
643 616 -1
2063 230 -1
1529 354 -1
1454 402 -1
1785 839 -1
458 778 -1
3327 917 -1
119 449 -1
3587 238 -1
648 597 -1
1873 280 -1
409 827 -1
907 667 -1
3279 929 -1
3541 327 -1
3822 108 -1
5202 449 -1
4523 905 -1
2181 990 -1
3990 4 -1
1665 990 -1
2464 807 -1
4857 811 -1
11 199 -1
298 955 -1
5228 780 -1
1417 215 -1
3929 4 -1
4036 658 -1
4252 759 -1
1647 590 -1
2208 701 -1
2010 547 -1
4079 99 -1
3283 48 -1
477 51 1
2562 497 -1
1980 744 -1
456 184 -1
5034 40 -1
