5217 215 0
1534 125 0
1153 347 0
2351 83 0
4691 939 0
4476 604 0
209 288 0
4073 769 0
4701 88 0
2825 923 0
128 74 0
2903 94 0
2154 259 0
4340 838 0
3738 373 0
1952 495 0
4292 17 0
3768 784 0
1740 643 0
3586 447 0
1242 12 1
4456 767 0
4148 526 0
1164 376 0
1476 288 0
1972 570 0
4521 82 0
98 582 0
249 526 0
3683 497 0
4382 467 0
927 16 0
1102 159 0
4528 694 0
2473 278 0
2416 140 0
695 380 0
2230 59 0
2294 797 0
371 711 0
5272 626 0
4377 867 0
2181 879 0
3251 952 0
4050 191 0
79 935 0
2400 290 0
4779 781 0
3025 805 0
3803 32 0
5360 763 0
75 862 0
2452 683 0
729 278 0
4479 368 0
2861 393 0
762 889 0
3790 233 0
1008 770 0
3000 714 0
1806 944 1
1837 689 0
502 525 0
5056 76 0
4327 763 0
4247 818 0
4674 274 0
4369 936 0
3806 19 0
4208 774 0
5139 964 0
2205 911 0
4124 170 1
4475 804 0
3382 682 0
2626 347 0
331 834 0
3974 581 0
2055 268 0
4844 483 0
1962 531 0
3865 21 0
2377 928 0
2856 44 0
3441 37 0
1483 992 0
2386 397 0
25 963 0
4257 685 0
2735 11 0
4090 941 0
2219 33 0
4783 184 0
2609 817 0
3868 831 0
1897 770 0
1207 277 0
4124 695 0
3502 333 0
2169 316 0
539 870 0
2012 626 0
2408 742 0
4942 32 0
3456 855 0
463 544 0
3713 932 0
3890 945 0
866 449 0
3718 176 0
5119 319 0
5090 934 0
760 596 0
1824 990 0
598 504 0
4547 356 0
4273 573 0
1136 123 0
5388 879 0
4856 112 0
139 231 0
2521 457 0
408 278 0
5107 779 0
3647 845 0
3800 996 0
5358 538 0
292 101 0
1198 619 0
3322 895 0
1652 710 0
2134 384 0
842 36 0
1096 486 0
4267 232 0
1733 773 0
4853 305 0
2131 533 0
2872 733 0
2039 784 0
1331 364 0
2597 392 0
3959 884 0
1402 817 0
1101 589 0
1829 76 0
4908 80 0
3284 950 0
2561 74 0
475 161 0
3286 305 0
1017 171 0
5088 118 0
4849 604 0
2993 90 0
3232 506 0
3503 300 0
825 578 0
1042 973 0
1173 638 0
1629 457 0
1288 356 0
4409 469 0
1539 740 0
1792 945 0
614 135 0
4500 754 0
3556 270 0
716 345 0
558 637 0
4160 337 0
5260 678 0
2667 232 0
5389 809 0
910 903 0
2741 411 0
638 743 0
2859 954 0
2308 115 0
3200 887 0
1789 298 0
1092 437 0
1365 65 0
363 584 0
2782 824 0
880 415 0
1182 337 0
1556 867 0
510 224 0
4486 848 0
2026 225 0
2371 197 0
716 805 0
3883 90 0
940 412 0
44 951 0
895 175 0
3665 556 0
4842 570 0
2099 961 0
42 496 0
4645 576 0
478 800 0
2425 221 0
1628 831 0
5394 918 0
4175 83 1
562 493 0
1366 974 0
800 637 0
3348 467 0
2548 128 0
395 30 0
1874 694 0
1058 381 0
3122 666 0
1533 367 0
3303 458 0
413 777 0
3916 757 0
2524 697 0
2052 70 0
1488 335 0
233 55 0
3116 203 0
580 248 0
139 639 0
4087 765 0
3972 720 0
4367 617 0
4244 694 0
4977 6 0
2478 699 0
5138 848 0
4997 83 0
886 527 0
219 891 0
4274 189 0
2955 889 0
3566 291 0
4744 561 0
2031 708 0
146 973 0
4377 341 0
1143 751 1
3133 979 1
733 774 0
4662 850 0
37 949 0
3290 208 0
3991 641 0
1569 346 0
5051 852 0
2044 651 0
904 197 0
2383 72 0
3803 438 0
3168 107 0
1426 436 0
1766 565 0
4897 283 0
4161 322 0
3036 222 0
4213 817 0
329 52 0
2663 733 0
767 966 0
941 897 0
5369 852 0
3301 363 0
41 167 0
3944 484 0
3387 704 0
4088 684 0
1884 154 0
2368 271 0
4899 923 0
2551 799 0
3742 294 0
2857 509 0
1936 448 0
183 657 0
4678 955 0
1417 758 0
4779 630 0
3803 213 0
2056 318 0
3539 600 0
629 877 0
2968 81 0
5396 198 0
77 430 0
864 2 0
4397 400 0
2036 744 0
4115 512 0
3577 389 0
1250 409 0
93 657 0
2049 445 0
519 68 0
5074 942 0
4626 824 0
283 996 0
2118 172 0
890 664 0
4575 964 0
3972 397 0
3531 191 0
3949 841 0
4538 761 0
4428 958 0
2640 531 0
396 987 0
2767 28 0
4353 323 0
4177 214 0
877 811 0
4912 5 0
2297 891 0
790 166 0
400 173 0
1530 422 0
4292 523 0
4255 913 0
4158 739 0
3999 362 0
2851 505 0
3170 326 0
1607 362 0
3315 737 0
591 765 0
3121 255 0
3604 762 1
60 595 0
324 657 0
462 208 0
648 749 0
1789 601 0
4487 689 0
3209 591 0
2769 417 0
995 52 0
1925 172 0
4658 668 0
2223 222 0
4211 725 0
3683 481 0
1153 878 0
556 59 0
4710 26 0
4225 146 0
1452 409 0
3790 163 0
2475 585 0
1154 202 0
1983 69 0
1599 169 0
5195 869 0
4522 616 0
2089 441 0
1076 106 0
2249 187 0
2461 159 0
1911 976 0
2046 161 0
3550 330 0
4197 376 0
2393 121 1
2668 273 0
1416 664 0
2483 950 0
1173 203 0
1895 15 0
888 262 0
348 566 0
3359 135 1
2031 736 0
1339 280 0
873 613 1
1998 540 0
323 742 0
2438 839 0
4697 231 0
5144 620 0
5046 920 0
1855 18 0
4266 176 0
585 779 0
3657 380 0
4018 756 0
2591 854 0
3976 843 0
1263 853 0
787 558 0
2526 541 0
1663 912 0
1053 371 0
3205 141 1
2231 358 0
1473 104 0
1577 384 0
1651 813 0
2854 746 0
3862 221 0
1199 336 0
823 672 0
621 476 0
962 894 0
4611 576 0
3286 725 0
2475 626 0
3355 44 0
5173 341 0
732 132 0
4709 24 0
4598 66 0
4854 566 0
86 564 0
1488 251 0
912 308 0
3221 971 0
2882 903 0
2386 968 1
1594 333 0
1147 554 0
5259 834 0
1484 588 0
142 810 0
814 551 0
5141 480 0
4132 134 0
643 616 0
3615 351 0
5268 903 0
3197 337 0
1491 684 0
2413 973 0
1976 919 0
1099 735 0
1296 652 0
4402 881 0
2066 499 1
4924 497 0
1478 743 0
2687 521 0
4761 682 0
1046 297 0
4566 414 0
4084 294 0
4529 308 0
4539 12 0
3097 914 0
1959 407 0
1201 148 0
1027 104 0
4556 635 0
1042 600 0
4858 751 0
2839 652 0
640 411 0
2004 350 0
3601 890 0
1111 291 0
2844 323 0
3991 24 0
1503 643 0
749 222 0
5180 31 0
3828 758 0
887 699 0
2431 381 0
2557 835 0
3280 910 0
5261 656 0
5113 937 0
1335 465 0
127 479 0
2529 532 0
4155 27 0
452 371 0
837 47 0
3495 990 0
4721 822 0
1598 373 0
4420 540 0
4290 148 0
2586 960 0
3558 351 1
3461 776 0
3950 139 0
750 994 0
3946 559 0
668 681 0
3000 700 0
3143 413 0
4856 943 0
500 143 0
127 903 0
4912 460 0
1822 969 0
3167 865 0
3851 463 0
5204 732 0
2957 79 0
196 376 1
2531 32 0
210 736 0
4022 413 0
2040 727 0
5369 217 0
3408 346 0
595 944 0
2567 1 0
4638 893 0
4302 713 0
2410 226 0
1881 73 0
4361 154 0
1044 368 0
129 594 0
2360 127 0
3372 550 0
2132 371 0
3116 887 0
2870 678 0
612 33 0
3205 895 0
320 256 0
5021 299 0
5039 779 0
2922 963 0
880 457 0
99 475 0
3493 879 0
2112 535 0
1543 956 0
3730 736 0
4334 997 0
2032 963 0
3614 22 0
3221 15 0
1738 88 0
3770 547 0
2165 550 0
1839 802 0
906 451 0
4687 685 0
1845 28 0
22 142 0
3622 730 0
4720 775 0
1522 162 0
3337 31 0
337 134 0
1771 335 0
3083 577 0
1612 307 0
1800 127 0
980 925 0
1902 846 0
3112 308 0
2106 955 0
1653 124 0
191 17 0
4524 147 0
462 911 0
5111 189 0
5069 429 0
3765 765 0
3806 891 0
2899 726 0
1000 610 0
4122 741 0
817 814 0
36 416 0
413 986 0
3288 361 0
1912 920 0
532 489 0
4641 417 0
115 26 0
1061 22 0
4906 903 0
2868 875 0
2443 834 0
2998 461 0
1149 636 1
2831 402 0
2128 706 0
3297 595 0
1792 119 0
1014 442 0
567 391 0
2251 748 0
1433 781 0
4586 790 0
471 346 0
3680 338 0
1930 882 0
3729 583 0
1036 254 0
4283 308 0
4411 569 0
4986 166 0
2327 939 0
4886 919 0
4462 323 0
469 899 0
566 356 0
2381 135 0
5320 702 0
5119 308 0
3958 57 0
3157 503 0
1641 906 0
3765 267 0
252 831 0
2747 65 0
2070 960 0
1411 776 0
1992 888 0
2167 479 0
426 832 0
4603 542 0
4146 26 0
390 24 0
3448 53 0
4024 434 0
1400 565 0
993 67 0
4325 252 1
1227 295 0
2535 557 0
1364 338 0
5103 589 0
1812 802 0
500 308 0
468 324 0
3030 962 0
3079 180 0
3187 987 0
2509 796 0
3961 12 0
1869 913 0
5257 811 0
39 703 0
4918 883 0
5289 951 0
4520 279 0
2738 851 0
5391 175 0
3654 230 0
2053 831 0
3652 746 0
1871 353 0
119 298 0
394 616 0
4067 621 0
2649 181 0
2556 311 0
3557 644 0
4764 669 0
1211 609 0
584 920 0
5179 966 0
4602 366 0
354 239 0
1735 862 1
5270 903 0
1843 987 0
4827 379 0
4090 447 0
1328 378 0
478 184 0
3318 148 0
4679 254 0
2822 82 0
3192 879 0
892 482 0
3117 873 0
1553 437 0
2883 483 0
1556 247 0
166 207 0
3416 533 0
5371 827 0
5032 802 0
4411 982 0
2302 149 0
3506 261 0
3040 157 0
5044 473 0
1315 629 0
1233 649 0
4092 494 0
2114 968 0
4360 914 0
813 192 0
1530 753 0
4425 659 0
4990 538 0
908 259 0
4637 330 0
4452 580 0
3917 785 0
4791 834 0
2098 73 0
285 146 0
3835 377 0
1029 34 0
1566 674 0
2353 94 0
1006 230 0
2475 925 0
90 181 1
4803 904 0
4228 12 0
2723 828 0
70 967 0
3858 435 0
2760 135 0
3843 423 0
516 39 0
4705 281 0
4362 162 0
2338 555 0
2815 429 0
5291 548 0
4005 767 0
596 979 0
4361 611 0
5078 350 0
4853 679 1
3722 221 0
1742 307 0
4062 985 0
786 478 0
3352 536 0
4975 253 0
2478 652 0
4450 982 0
4069 459 0
2031 533 0
524 368 0
2198 633 0
4505 876 0
5218 251 0
2295 284 0
4942 87 0
3415 298 0
3103 36 0
323 483 0
4795 438 0
2981 654 0
1521 261 1
757 664 0
866 675 0
2271 254 0
1098 363 0
2356 57 0
1771 580 0
2381 299 0
301 788 0
4870 531 0
5214 527 0
4732 494 0
1848 64 0
1748 871 0
2678 679 0
2293 798 0
1329 497 0
1170 409 0
3536 885 0
5069 857 0
5202 146 0
567 744 0
2489 201 0
4130 29 0
3009 902 0
3460 53 0
3104 787 0
3030 695 0
50 273 0
1397 554 0
2515 753 0
1744 630 0
4274 528 0
868 198 0
4271 195 0
2953 536 0
4097 364 0
1119 707 0
3937 73 0
313 250 0
1069 330 0
4972 857 0
422 441 0
5394 407 0
4415 950 0
122 386 0
4972 615 0
3259 7 0
3320 419 0
4268 251 0
4549 106 0
3991 440 0
611 882 0
399 740 0
3967 91 0
3807 15 0
757 500 0
1182 36 0
2413 827 0
3238 435 0
2234 911 0
2635 452 0
1914 414 0
3999 89 0
268 328 0
5025 630 0
3075 230 0
2332 404 0
4171 639 0
2725 391 0
832 922 0
1981 571 0
5370 735 0
251 765 0
515 331 0
2773 947 0
2398 352 0
3401 860 0
671 237 0
1772 839 0
2611 752 0
876 784 0
4661 747 0
2197 333 0
2976 515 0
1712 120 0
1253 890 0
1097 973 0
5014 616 0
1943 586 0
2619 346 0
4125 336 0
4222 193 0
4876 747 0
2219 141 0
2414 202 0
3892 174 0
2531 891 0
3773 697 0
5322 669 0
3296 183 0
3952 299 0
1892 341 0
4445 174 0
3705 369 0
3510 483 0
3303 202 0
2612 907 0
1425 287 0
2779 392 0
3384 161 0
4361 233 0
2203 664 0
50 18 0
4439 398 0
742 43 0
2758 318 0
3743 693 0
1148 326 0
3760 249 0
2949 453 0
2986 28 0
4330 379 0
3106 348 0
633 234 0
1096 506 0
4473 532 0
5390 252 0
3755 912 0
3573 976 0
5273 796 0
2846 964 0
4076 549 0
2543 594 0
2462 425 0
2466 67 0
1458 569 0
3274 455 0
554 976 0
113 637 0
4713 944 0
3336 628 0
3407 719 0
2909 270 0
655 876 0
3490 7 0
3697 937 0
1564 985 0
4308 363 0
3888 640 0
1366 543 0
4087 626 1
1446 227 0
1820 129 0
2061 498 0
2876 167 0
3068 403 0
4736 431 0
3929 153 0
1769 128 0
4387 1 0
875 966 0
429 471 0
544 431 0
4264 291 0
670 957 0
235 455 0
2440 881 0
3424 322 0
2625 481 0
3822 309 0
453 613 0
2435 79 0
30 118 0
1610 51 0
932 726 0
3916 127 0
1333 334 0
5184 816 0
3164 961 0
2391 365 0
3850 758 0
4911 627 0
1889 261 0
3466 341 0
485 442 0
2629 914 0
4679 77 0
3716 909 0
4080 964 0
5365 730 0
1094 704 0
5150 89 0
3205 129 0
1081 730 0
1811 514 0
4668 406 0
99 325 0
2939 288 0
760 101 0
5254 454 0
501 796 0
1225 918 0
3954 531 0
2037 118 0
1083 317 0
2592 852 0
2035 652 0
1120 463 0
4455 817 0
1002 358 0
1512 493 1
2458 16 0
5131 273 0
4784 359 0
1860 837 0
2820 668 0
3529 793 0
2816 71 0
5381 521 0
3659 428 0
5253 376 0
2503 743 0
416 418 0
400 420 0
2905 277 0
3662 852 0
5193 337 0
1898 361 0
2012 530 0
2740 755 0
717 259 0
2599 737 0
2406 473 0
4017 632 0
3946 186 0
4847 742 0
3895 886 0
4620 247 0
2832 353 0
2083 933 0
1512 771 1
53 580 0
251 94 0
4304 902 0
5077 604 0
844 579 0
4305 38 0
1591 413 0
2013 275 0
5349 236 0
2141 830 0
3491 409 0
2417 966 0
3217 562 0
5279 691 0
2188 92 0
4528 556 0
3675 330 0
1028 247 0
2670 46 0
3582 923 0
1490 276 0
2622 277 0
4486 19 0
950 592 0
2109 527 0
5203 754 0
934 972 1
2217 240 0
736 280 0
4012 108 0
260 655 1
3831 786 0
2959 249 0
3905 909 0
4273 463 0
578 218 0
4699 525 0
2014 837 0
2300 891 0
4038 443 0
3907 192 0
5400 683 0
380 863 0
4870 847 0
305 652 0
926 706 0
1943 543 0
692 833 0
714 666 0
3897 496 0
4338 791 0
434 842 0
3729 488 0
4580 772 0
348 900 0
1555 830 0
3802 435 0
2690 832 0
178 577 0
3205 761 0
1050 819 0
2392 989 0
2924 38 0
1820 248 0
4238 100 0
3918 799 0
2133 735 0
312 498 0
579 876 0
2241 238 0
4224 723 0
508 622 0
3639 53 0
2886 741 0
5332 228 0
2031 863 0
3126 735 0
4119 845 0
1913 978 0
4410 811 0
4373 823 0
5333 595 0
1754 32 0
4112 153 0
2011 521 0
59 792 0
5398 251 0
5140 140 0
2982 171 0
3687 826 0
4303 381 0
4718 705 0
2184 54 1
4636 973 0
2426 63 0
774 232 0
2041 244 0
2226 775 0
4055 773 0
511 199 0
3392 171 0
474 39 0
3125 856 0
257 279 0
920 552 0
2276 375 0
2135 175 0
1565 689 0
4541 649 0
4128 764 0
3795 338 0
4301 180 0
2859 435 0
132 13 0
4432 50 0
2555 146 0
1745 923 0
4708 185 0
1898 469 0
5043 454 0
3229 901 0
4896 15 0
1871 697 0
4331 671 0
1586 792 0
4814 604 0
5174 679 0
4987 569 0
371 580 0
1795 154 0
718 230 0
3839 237 0
3215 84 0
3322 204 0
2469 269 0
4737 133 0
2953 570 0
3515 624 0
1868 422 0
82 266 0
2774 283 0
5042 15 0
270 554 0
5388 444 0
1420 503 0
2191 355 0
4251 227 0
4949 352 0
4604 145 0
944 342 1
4934 186 0
5041 332 0
4787 558 1
3319 789 0
4752 4 0
853 898 0
96 430 0
817 907 0
4048 649 0
3944 70 0
4025 921 0
4430 107 0
213 673 0
2767 56 0
2669 326 0
90 559 0
2320 860 0
4650 722 0
100 304 0
3762 546 0
301 452 0
1732 406 0
1067 286 0
1188 520 0
746 328 0
4719 795 0
3546 50 0
157 506 0
3849 296 0
2503 243 0
1404 7 1
3711 156 0
4401 373 0
3583 938 0
4932 54 0
291 464 0
1849 108 0
3497 722 0
4820 413 0
2557 484 0
20 159 0
4100 979 0
2695 58 0
2505 631 0
1488 237 0
612 933 0
4247 278 0
124 21 0
4150 610 0
626 454 0
1557 613 0
3778 431 0
1653 726 0
4355 578 0
597 618 0
891 546 0
5219 420 0
862 876 0
2573 89 0
4999 424 0
5342 819 0
1339 931 0
3415 376 0
1094 192 0
1645 711 0
754 976 0
667 342 0
4380 35 0
5124 817 0
3098 245 0
5251 109 0
2211 899 0
3994 707 0
3020 982 0
4069 372 0
5196 841 0
2942 413 0
5395 961 0
3715 397 0
4497 475 0
5021 599 0
2336 87 0
5397 363 0
3242 367 0
4763 212 0
5367 93 0
5005 280 0
1368 643 0
304 496 0
2850 809 0
5174 916 0
2431 584 0
4711 23 1
1438 224 0
1848 566 0
4885 801 0
4949 168 0
980 380 0
4754 325 0
4185 679 0
948 548 0
2203 210 0
5333 649 0
202 773 0
3114 789 0
1097 710 0
59 823 0
4620 611 0
3866 936 0
2048 271 0
2728 481 0
1547 797 0
4912 777 0
1318 132 0
4725 352 0
4072 744 0
202 270 0
5302 315 0
4595 815 0
1297 153 0
2064 667 0
353 964 1
124 840 0
1039 571 0
5154 296 0
641 847 0
871 57 0
1670 862 0
2026 633 0
3207 17 0
2129 638 1
237 426 0
3701 781 0
1618 623 0
4602 707 0
3110 821 0
678 820 0
5250 762 0
5306 82 0
3670 653 0
57 331 0
1356 545 0
857 285 0
2042 735 0
4351 13 0
4826 836 0
4099 665 0
3154 984 0
584 27 0
4957 78 0
4201 502 0
3140 587 0
2766 833 0
3009 509 0
5092 296 0
1822 291 0
5029 715 0
5270 229 0
348 314 0
2268 423 0
3573 77 0
4630 451 0
4840 928 0
28 475 0
3932 949 0
4212 857 0
2757 629 0
4790 774 0
2582 504 0
2616 554 0
4801 19 0
915 629 0
1400 664 0
804 297 0
3821 405 0
4173 61 0
1267 611 0
1313 343 0
2561 406 0
3268 255 0
2598 892 0
4051 71 0
3780 472 0
999 654 0
3586 535 0
1969 941 0
4022 63 0
2490 571 0
2771 316 0
154 373 0
4215 55 0
4319 714 0
1095 570 0
1979 110 0
921 49 0
113 19 0
1001 544 0
628 773 0
619 482 0
4779 428 0
4932 881 0
3675 676 0
4280 565 0
2477 948 0
3886 949 0
2049 629 0
260 801 0
3589 360 0
1255 400 0
1544 806 0
943 556 0
808 297 0
2248 509 0
2547 987 0
4026 467 0
4133 431 0
751 293 0
3759 473 0
61 463 1
3188 946 0
2084 26 0
990 763 0
3537 245 0
3237 966 0
2578 327 0
93 349 0
2293 101 0
3263 606 0
4097 218 0
39 133 0
5370 635 0
568 637 0
4694 446 0
1592 392 0
703 68 0
3397 308 0
3368 639 0
3 898 0
3540 103 0
1756 583 0
4809 528 0
3341 519 0
2911 44 0
1200 494 0
4370 747 0
5140 497 0
1139 440 0
281 587 0
890 901 0
1060 559 0
683 634 0
408 21 0
65 587 0
2339 122 0
4397 528 0
910 687 1
81 348 0
1427 841 0
1004 86 0
1675 366 0
775 222 0
4705 530 0
5378 749 0
2980 695 0
1221 835 0
924 533 0
1630 453 0
4274 545 0
2033 817 0
164 693 0
5317 374 0
4180 681 0
3398 418 0
1569 371 0
3696 47 0
3726 418 0
3125 519 0
310 956 0
3445 530 0
1796 144 0
213 365 0
233 794 0
254 305 0
1876 237 0
519 674 0
2062 2 0
2563 418 0
3832 702 0
3385 291 0
3523 194 0
2174 773 0
5280 942 0
4865 500 0
4684 502 0
3 192 0
2339 307 0
1932 256 0
4075 105 0
4860 967 0
4422 932 0
3118 503 0
1245 409 0
166 82 0
1443 573 0
3120 391 0
692 42 0
3594 37 0
4915 707 0
5057 982 0
1093 259 0
3053 505 0
3739 217 0
3008 958 0
4712 739 0
3469 378 0
474 222 0
4973 897 0
5211 273 0
2172 455 0
526 379 0
4302 907 0
5339 265 0
4187 516 0
4760 383 0
2078 142 0
946 781 0
4892 298 0
5362 435 0
1690 862 0
4834 443 0
642 297 0
1704 34 1
2508 80 0
5009 94 0
4187 4 0
4217 901 0
2908 34 0
3340 939 0
5233 457 0
3088 10 0
5158 38 0
2788 178 0
3626 238 0
3874 24 0
496 719 0
3635 131 0
1083 992 0
4880 720 0
153 71 0
3875 924 0
3913 267 0
5361 175 0
776 924 0
289 468 0
57 923 0
784 441 0
2914 598 0
653 860 0
3465 337 0
3570 229 0
3115 90 0
1827 787 0
541 685 0
4856 339 0
146 227 0
4811 328 0
2365 913 0
2702 315 0
4952 939 0
4833 56 0
4650 370 0
976 187 0
1219 966 0
5321 379 0
3542 478 0
1919 437 0
1450 148 0
176 392 0
3234 795 0
4083 547 0
3315 396 0
818 252 0
3630 182 0
1246 266 0
2054 441 0
4575 920 0
3819 76 0
3593 897 0
1016 9 0
3727 628 0
3686 472 0
340 894 0
4006 330 0
4406 406 0
3494 763 0
1821 289 0
4107 235 0
1287 579 0
5164 243 0
5297 155 0
4299 721 0
5109 546 0
2991 243 0
73 606 0
5147 515 0
2834 549 0
5188 16 0
911 931 0
5274 157 0
4056 699 0
5108 716 0
1109 904 0
2973 826 0
920 780 0
605 992 0
1202 472 0
5161 277 0
4755 622 0
4760 18 0
5375 287 0
3611 412 0
1409 154 0
2343 265 1
4879 588 0
1033 570 0
3826 97 0
2755 607 0
5153 51 0
3763 302 0
3985 35 1
4051 60 0
3045 55 0
4850 51 0
4576 324 0
757 779 0
4034 176 0
1758 687 0
4005 976 0
2175 367 0
3466 264 0
3665 516 0
995 466 0
3824 402 0
4693 451 0
3986 529 0
702 800 0
706 434 0
2697 999 0
2313 590 0
800 580 0
165 733 0
3873 3 0
2864 375 0
4771 423 0
3673 578 0
2504 890 0
4314 398 1
2447 296 0
3826 674 0
3601 106 0
1658 430 0
4650 669 0
2397 638 0
4183 43 0
3406 630 0
3481 801 0
4739 834 0
2355 677 0
2962 737 0
305 781 0
4588 997 0
1280 686 0
1572 295 0
2966 970 0
2794 92 0
937 68 0
3768 572 0
1728 353 0
977 214 0
2589 532 0
3518 612 0
987 900 0
3407 686 0
718 633 0
403 708 0
3412 514 0
2254 406 0
4508 944 0
4415 855 0
908 493 0
4614 572 1
3535 242 0
4136 448 0
836 778 0
4593 672 0
1931 930 0
1937 49 0
867 426 0
732 584 0
3038 575 0
1985 48 0
493 515 0
1496 333 0
3641 203 0
2156 158 0
3310 593 0
595 617 0
2586 172 0
1261 933 0
935 888 0
1883 894 0
4607 403 0
3553 391 0
5362 341 0
4734 853 0
2694 718 0
3551 137 0
4939 31 0
4266 17 0
1401 887 0
1447 457 0
3312 850 0
4230 869 0
2066 687 0
566 887 0
956 629 0
608 169 0
1924 776 0
4008 986 0
2911 514 0
1576 296 0
3356 476 0
4475 999 0
3470 503 0
1559 918 0
4477 159 0
1453 758 0
5018 883 0
3154 964 0
951 385 0
331 628 0
1226 574 0
1790 101 0
4237 115 0
2035 932 0
5221 937 0
2993 754 1
2163 472 0
2071 834 0
447 282 0
4077 857 0
1475 813 0
4295 949 0
4364 288 0
5082 645 0
2932 437 0
2405 804 0
305 91 0
525 992 0
4110 107 1
1893 13 0
1922 262 0
4276 403 0
1993 608 0
2428 331 0
473 261 0
3920 291 0
410 215 0
3987 303 0
844 162 0
4287 480 0
4015 883 0
1877 790 0
1492 761 0
2409 279 0
5056 943 0
4205 31 0
1618 632 0
4765 770 0
4961 296 0
4463 266 0
4951 535 0
4780 736 0
293 762 0
835 462 0
992 314 0
1855 133 0
5174 704 0
681 789 0
2714 744 0
34 824 0
3604 375 0
2016 542 0
4717 545 0
4654 278 0
916 908 0
1286 910 0
293 568 0
2608 975 0
1004 461 0
277 176 0
1487 59 0
1931 444 0
767 176 0
1810 590 0
1479 569 0
4055 675 0
3807 759 0
1347 765 0
1643 885 0
4152 983 0
4390 337 0
3348 959 0
4158 270 0
1114 604 0
3405 951 0
3581 875 0
3123 915 0
2855 811 0
5130 998 0
1889 903 0
4410 454 0
3862 108 0
4640 804 0
3885 666 0
4341 955 0
1933 544 0
4858 124 0
3691 684 0
1846 691 0
3999 522 0
4912 775 0
4072 778 0
2362 646 0
1964 177 0
4760 152 0
4023 961 0
3211 251 0
3628 919 0
1841 905 0
1585 222 0
1885 552 0
2116 944 0
1766 346 0
3271 532 0
3928 399 0
4066 178 0
4826 952 0
2705 585 0
895 43 0
2704 593 0
5303 399 0
1717 574 0
2076 748 0
866 586 0
94 92 0
4878 275 0
2708 492 0
1639 472 0
4395 726 1
4383 662 0
4806 523 0
3512 571 0
4325 769 0
2159 540 0
2350 568 0
4010 962 0
4516 395 0
3985 25 0
4706 204 0
5163 202 0
1068 56 0
1475 378 0
3406 607 0
4492 509 0
4128 302 0
2714 259 0
2852 238 0
1730 127 0
1979 234 0
4176 364 0
67 435 0
1890 204 0
5050 646 0
2931 506 0
1815 740 0
5302 567 0
4293 830 0
3966 109 0
1603 323 0
4188 971 0
2194 118 0
2946 204 0
1954 356 0
4942 363 0
1574 620 0
5309 903 0
2047 288 0
1354 635 0
611 35 0
5059 406 0
3690 404 0
3803 389 0
2587 478 0
1738 659 0
4419 523 0
4566 512 0
3638 722 0
2829 91 0
3761 777 0
2121 949 0
2899 872 0
1790 414 0
4595 925 0
3955 333 0
1653 849 0
2689 55 0
4710 425 0
4060 10 0
1488 737 0
588 250 0
1398 814 0
1082 607 0
643 36 1
2558 28 0
4481 275 0
379 211 0
4678 785 0
2922 709 0
4569 696 0
2677 693 0
1261 317 0
2047 94 1
3542 514 0
1632 915 0
2892 197 0
552 360 0
1869 905 0
3035 151 0
4966 523 0
4007 728 0
5127 986 0
2789 791 0
1141 978 0
2791 84 0
2503 156 0
2260 529 0
1965 338 0
1541 775 0
4363 475 0
2867 671 0
4311 268 0
2078 192 0
3648 599 0
4734 981 0
789 959 0
3063 248 0
2424 215 0
2935 534 0
5064 12 1
1199 100 0
562 633 0
3835 165 0
2012 439 0
1725 421 0
3343 313 0
1647 78 0
168 927 0
2297 781 0
5005 223 0
5165 119 1
3130 789 0
880 755 0
570 778 0
152 952 0
4980 295 0
571 235 0
1421 444 0
1469 909 0
1838 1 0
547 196 0
2942 91 0
284 253 0
3670 303 0
3482 911 0
4512 249 0
2189 401 0
1484 439 0
3425 883 0
2166 961 0
1222 974 0
4767 740 0
4050 262 0
2983 949 0
67 867 0
2521 770 0
1482 216 0
2081 210 0
1099 338 0
1821 377 0
3955 961 0
3158 843 0
1184 563 0
233 132 0
1280 685 0
1134 380 0
1541 520 0
5003 50 0
5166 518 0
169 540 0
4775 410 0
868 303 0
1146 960 0
1502 846 0
2699 946 0
4691 750 0
621 526 0
3833 272 0
1145 315 0
1787 423 0
4145 44 0
1829 801 0
926 235 0
228 878 0
3819 571 0
4120 50 0
1638 359 0
4934 567 0
4849 131 0
4437 542 0
1915 379 0
4642 508 0
108 226 0
2040 26 0
262 844 0
3464 457 0
2876 677 0
3490 303 0
2782 52 0
5229 698 0
1060 320 0
303 781 0
3138 98 0
5161 727 0
4032 386 0
1105 876 0
3338 723 0
3474 771 0
2190 426 0
4006 178 0
3981 547 0
2354 381 0
862 522 0
958 420 0
2287 364 0
700 184 0
3851 78 0
3376 845 0
4485 733 1
5262 62 0
2777 303 0
1769 409 0
4272 582 0
4093 573 0
3485 773 0
458 574 0
2981 106 0
399 495 0
4753 894 0
2353 27 0
1020 807 0
3217 634 0
5321 532 0
606 366 0
1424 493 0
2722 157 0
2712 688 0
4760 850 0
3412 898 0
37 915 0
4954 22 0
303 116 0
4759 724 0
133 84 0
1335 624 0
238 142 0
5200 223 0
4355 386 0
139 474 0
2551 596 0
3230 772 0
2231 105 0
5355 93 0
2740 102 0
3196 951 0
1144 411 0
2464 710 0
4979 350 1
877 893 0
1488 68 0
4412 428 0
4828 127 0
3198 540 0
352 292 0
4446 155 0
814 331 0
4649 633 0
4354 481 0
4748 105 0
2787 485 0
164 617 0
4823 481 0
4888 68 0
762 420 0
1853 715 0
5033 864 0
2556 750 0
42 954 0
4374 570 0
4007 627 0
1211 629 0
3903 690 0
1997 561 0
1113 72 0
4402 968 0
1157 872 0
1678 570 0
1717 190 0
597 693 0
4373 679 0
4029 642 0
2472 267 0
5273 379 0
2939 187 0
1208 787 0
27 364 0
5110 163 0
2644 52 0
4779 395 1
4444 903 0
2344 619 0
791 682 0
2104 552 0
2683 168 0
1341 235 0
950 772 0
1144 417 0
2284 976 0
5304 887 0
5168 230 0
2681 308 0
3847 223 0
2000 951 0
400 283 0
4047 102 0
587 241 0
674 354 0
1422 732 0
436 994 0
120 773 0
2223 433 0
1289 748 0
2676 45 0
2150 84 0
2724 272 0
3653 861 0
470 589 0
1600 467 0
2401 410 0
2755 154 0
2497 696 0
1029 259 0
613 725 0
2470 545 0
731 495 0
657 780 0
610 581 0
799 411 0
345 730 0
3419 614 0
4029 567 0
4775 342 0
2904 223 0
5366 588 0
4550 614 0
4293 758 0
1942 151 0
439 149 0
1289 610 0
1912 166 0
672 815 0
2239 204 0
5223 52 0
4302 687 0
4665 962 0
532 508 0
4506 659 0
686 528 0
3078 532 0
1350 195 0
1469 162 0
4287 573 0
220 627 0
141 618 0
2094 532 0
4996 224 0
431 235 0
339 85 0
4297 997 0
2874 31 0
1815 176 0
1579 736 0
4116 608 0
3791 729 0
3870 597 0
141 621 0
555 892 0
4184 114 0
2671 850 0
4733 816 0
100 795 0
1737 512 0
673 25 0
4543 462 0
4332 806 0
300 176 0
2176 942 0
1685 198 0
2110 602 0
580 205 0
5129 42 0
3222 406 0
506 206 0
5132 752 1
3442 116 0
3427 677 0
3452 560 0
3612 52 0
2369 917 0
2382 785 0
267 633 0
2181 55 0
817 999 0
675 667 0
2772 671 0
4403 318 0
1693 693 0
1133 791 0
1164 257 0
1271 326 0
2122 538 0
4110 543 0
1306 455 0
2538 75 0
358 515 0
4705 795 0
1006 367 0
2853 316 0
4868 110 0
368 412 0
824 580 0
1639 506 0
2456 185 0
1892 623 0
1276 203 0
1258 729 0
2041 236 0
1408 301 0
4860 414 0
1854 334 0
3595 433 0
637 634 0
3502 413 0
4703 760 0
1078 773 0
4751 241 0
4951 463 0
3029 49 0
3327 749 0
2673 98 0
859 129 0
3149 445 0
3724 370 0
3360 451 0
5111 929 0
3450 787 1
4242 36 0
2817 881 0
5238 102 0
4119 753 0
5110 166 0
3458 175 0
3157 86 0
1866 16 0
1235 743 0
4472 888 0
3146 14 0
3661 132 0
4573 83 0
4835 523 0
2502 858 1
1848 333 0
3844 659 0
4622 820 0
2809 764 0
5304 938 0
2514 888 0
1034 274 0
4644 47 1
4831 387 0
2685 287 0
9 385 0
5127 131 0
1114 966 0
3318 737 0
4560 890 0
886 592 0
1980 910 0
872 95 0
3665 288 0
4420 411 0
3916 950 0
3257 700 0
2646 910 1
2321 340 0
4441 123 0
1560 353 0
4918 96 0
4122 267 0
4626 438 0
5276 293 0
5165 665 0
1485 279 0
3962 402 0
2952 466 0
278 87 0
1400 347 0
324 822 0
4170 754 0
1121 535 0
2513 700 0
4101 501 0
4465 424 0
2914 92 0
3385 111 0
3051 925 0
614 35 0
2417 211 0
1714 562 0
3559 989 0
4472 5 0
4940 387 0
3177 491 0
1439 197 0
4909 816 0
2943 237 0
2603 220 0
2673 92 0
8 161 0
136 104 0
832 577 0
425 655 1
515 874 0
1746 542 0
5191 465 0
1214 419 0
454 708 0
2115 148 0
4142 437 0
3203 907 0
3798 951 0
2628 305 0
4750 806 0
1457 459 0
4227 165 0
2308 632 0
3232 238 0
4230 127 0
5149 781 0
1327 677 0
1283 129 0
2577 82 0
1860 536 0
1135 741 0
4940 476 0
4155 367 0
1898 938 0
1398 821 0
3792 575 0
4150 182 0
2976 380 0
1983 167 0
1016 751 0
1638 135 0
743 114 0
4756 497 0
1955 347 0
4371 485 0
698 137 0
3535 299 0
942 382 0
2779 443 0
2826 965 0
5180 987 0
3994 91 0
1701 425 0
1238 166 0
3851 876 0
1834 845 0
2894 88 0
1917 585 0
5018 297 0
3900 406 0
3075 617 0
3587 173 0
3937 150 0
4081 350 0
2975 830 0
831 57 0
1201 405 0
314 418 0
1606 392 0
3047 169 0
4925 793 0
850 810 0
5077 554 0
4821 516 0
5008 828 0
1504 577 0
101 340 0
2941 701 0
1240 282 0
4726 912 0
4687 35 0
3219 472 0
2870 919 0
3540 627 0
1032 604 0
1674 346 0
3200 775 0
1851 343 0
893 260 0
2799 793 0
2418 827 0
1656 294 0
2083 117 0
758 996 0
1724 850 0
4835 34 0
3958 425 0
964 716 0
1024 482 1
2841 553 0
4882 107 0
4433 934 0
3794 341 0
869 138 0
2101 368 0
2739 848 0
5094 215 0
2305 151 0
938 807 0
1722 202 0
5216 727 0
2148 426 0
631 973 0
3938 438 0
3109 336 0
2590 583 0
3022 254 0
4260 185 0
5289 806 0
3433 888 0
1590 8 0
4353 679 0
3395 347 0
2509 307 0
4577 960 0
3768 801 0
110 599 0
3367 325 0
2856 814 0
989 12 0
1334 501 0
1744 25 0
2123 745 0
1347 689 0
4098 219 0
740 194 0
1398 1 0
5078 186 0
4289 276 0
3873 76 0
2752 115 0
710 902 0
1848 677 0
4747 751 0
3286 110 0
306 191 0
5322 761 0
3323 528 0
4486 348 0
2377 998 0
2738 463 0
3101 707 0
4050 432 0
3642 825 0
4182 767 0
3758 743 0
2322 593 0
767 448 0
3201 323 0
1724 229 0
838 458 0
3342 997 0
1471 877 0
2619 462 0
5297 161 0
2621 368 0
2298 238 0
1663 701 0
1741 223 0
402 453 0
5104 218 0
3038 514 0
1193 595 0
2439 756 0
3360 172 0
2105 896 0
5014 497 0
272 364 0
3253 897 0
4217 750 0
1230 820 0
710 568 0
1958 106 0
3627 579 0
1139 812 1
3594 830 0
3142 532 0
2542 609 0
611 604 0
4906 886 0
4117 697 0
2823 482 0
5082 94 0
2050 97 0
302 118 0
2082 255 0
3072 997 0
1772 672 0
4748 675 0
2829 956 0
2518 672 0
862 798 0
768 302 0
1305 486 0
1002 126 0
1217 238 0
3903 65 0
268 907 0
136 754 0
5111 512 0
4092 157 0
1156 783 0
1898 771 0
249 925 0
3701 786 0
3305 313 0
359 478 0
1802 26 0
4169 461 0
3711 120 0
3442 764 0
3555 323 0
1651 271 0
1875 210 1
5241 893 0
4474 400 0
1848 37 0
3433 682 0
3962 855 0
2160 477 0
3389 892 0
4060 55 0
5143 261 0
4593 737 0
4544 511 0
3929 308 0
1065 915 0
3669 883 0
583 413 0
776 618 0
2201 553 0
3166 511 0
1185 929 0
4063 439 0
4572 947 0
4252 624 0
3924 786 0
1061 575 0
3869 998 0
4390 715 0
5149 201 0
3735 886 0
4000 816 0
144 873 0
1829 935 0
1297 959 0
2960 635 0
1021 661 0
240 447 1
1069 692 0
156 727 0
3032 916 0
4681 463 0
1778 554 0
1390 830 0
3236 204 0
3559 171 0
1429 86 0
1274 34 0
1476 243 0
3550 333 0
2751 58 0
1953 407 0
2605 968 0
1735 260 0
2748 731 0
3483 893 0
5240 313 0
1938 505 0
2837 555 0
1926 526 0
3579 468 0
1020 81 0
1167 615 0
3229 972 0
409 827 0
1334 228 0
4243 796 0
2993 663 0
2486 878 0
3201 384 0
1928 43 0
1027 954 0
188 515 0
4827 708 0
2375 766 0
1666 801 0
1292 735 0
5122 666 0
943 708 0
4414 514 0
3988 659 0
4885 507 0
1215 419 0
334 245 0
2359 292 1
4003 960 0
1078 511 0
3732 679 0
3879 811 0
4552 913 0
2729 535 0
2766 411 0
3680 255 0
2500 101 0
4667 351 0
1509 816 0
5359 185 0
999 579 0
478 779 0
3488 444 0
4745 667 0
4048 524 0
1701 631 0
73 602 0
1694 843 0
4228 728 0
2379 33 0
540 950 0
1829 615 0
913 629 0
5280 688 0
594 430 0
4330 675 0
2760 533 0
1268 557 0
4989 330 0
3058 703 0
2502 568 0
868 413 0
4704 95 0
5108 595 0
3826 228 0
1278 107 0
774 192 0
1637 360 0
2244 890 0
1006 637 0
2325 424 0
2057 233 0
243 392 0
4373 162 0
1055 540 0
2717 688 0
2032 434 0
2006 829 1
356 934 0
2128 735 0
5023 940 0
1743 507 0
2544 395 0
3389 874 0
1140 51 0
1537 281 0
930 847 0
165 963 0
3132 634 0
3740 978 0
5357 486 0
4505 641 0
2766 165 0
4077 540 0
4522 301 0
2709 181 0
3521 482 0
1421 760 0
2992 605 0
4305 453 0
3334 879 0
170 774 0
4160 809 0
1301 453 0
2393 289 0
2405 10 0
2250 299 0
1624 290 0
3731 892 0
602 230 0
4806 233 0
3890 947 0
5007 58 0
4943 569 1
1716 191 0
4926 480 0
3882 468 0
753 731 0
885 339 1
5255 497 0
585 465 0
1799 993 0
