665 830 0
3829 455 0
1826 916 0
4675 331 0
568 409 0
3526 371 0
3820 546 0
2769 679 0
4498 757 0
3640 175 0
1707 810 0
2706 560 0
709 140 0
5111 150 0
4145 514 0
2331 262 0
3658 368 0
5266 960 0
1884 809 0
460 745 0
1371 308 0
262 901 0
921 247 0
1480 180 0
443 109 0
1346 276 0
1197 866 0
1770 331 0
2792 463 0
3982 513 0
2906 437 0
3343 341 0
4836 283 0
1072 822 0
3349 61 0
1872 888 0
4367 814 0
1646 884 0
2666 236 0
2497 786 0
3581 135 0
2999 753 0
2719 638 0
1214 165 0
2465 961 0
1065 277 0
711 140 0
802 415 0
1722 881 0
195 999 0
2230 622 0
183 957 0
4649 820 0
3547 123 0
4732 76 0
31 993 0
4440 409 0
4346 794 0
2796 897 0
1702 427 0
4615 164 0
2763 152 0
3296 301 0
2762 420 0
3737 651 0
794 63 0
1592 909 0
2898 102 0
2476 422 0
2601 810 0
3933 736 0
1003 212 0
4505 891 0
4229 212 0
2199 585 0
3161 700 0
1048 329 0
2087 670 0
367 457 0
5369 76 0
383 744 0
210 930 0
1301 124 0
644 140 0
2426 514 0
4889 151 0
1070 17 0
1470 429 0
985 565 0
4484 142 0
2732 591 0
2278 981 0
1453 105 0
3801 211 0
1407 933 0
3702 66 0
4180 75 0
3011 987 0
738 151 0
3009 173 0
784 103 0
4590 279 0
2514 749 0
1922 422 0
3969 557 0
2229 32 0
55 630 0
3072 2 0
3315 332 0
2270 332 0
2919 50 0
4643 981 0
3249 138 0
4769 496 0
776 798 0
383 727 0
877 881 0
3507 699 0
780 953 0
357 186 0
1118 353 0
4227 673 0
2325 278 0
349 19 0
5211 212 0
2371 129 0
5088 533 0
2990 3 0
1823 654 0
474 102 0
1738 346 0
4891 26 0
2262 398 0
3027 911 0
220 193 0
1905 482 0
591 981 0
4709 377 0
1462 371 0
5259 976 0
291 668 0
326 274 0
4581 877 0
3214 372 0
1373 786 0
1080 884 1
5203 187 0
2531 31 0
213 642 0
2622 537 0
1605 841 0
3961 14 0
4483 508 0
3108 708 0
4495 66 0
489 379 0
716 763 0
1703 727 0
111 524 0
960 402 1
886 685 0
2028 443 0
3974 392 0
474 118 0
3456 432 0
3089 384 0
2418 280 0
5232 671 0
1005 462 0
3241 827 0
969 870 0
2159 533 0
5178 218 0
3832 527 0
2044 415 0
4478 991 0
4822 621 0
217 212 0
952 725 0
5105 400 0
4369 430 0
3365 558 0
1939 609 0
2441 176 0
1451 271 0
237 337 0
587 332 0
3251 778 0
4593 255 0
4447 756 0
1679 324 1
5290 290 0
2008 564 0
1502 322 0
3821 152 0
106 790 0
1058 287 0
2515 911 0
234 213 0
2171 968 0
3149 98 0
1479 933 0
2203 127 0
378 170 0
4949 206 0
3001 334 0
3274 149 0
902 130 0
4360 259 0
4791 911 0
1441 928 0
4943 137 1
1555 546 0
4083 684 0
2731 479 0
4916 945 0
629 938 0
1737 943 0
149 897 0
4452 353 0
1805 734 0
4853 827 0
4370 473 0
5358 781 0
2265 297 0
4267 85 0
3002 916 0
1422 748 0
4270 534 0
1674 66 0
1761 287 0
2677 516 0
4256 374 0
3792 723 0
680 345 0
3709 658 0
3800 241 1
2909 551 0
1949 36 0
2468 187 0
2890 829 0
98 207 0
4956 824 0
3359 120 0
1410 220 0
2772 829 0
859 970 0
911 902 0
415 746 0
937 155 0
2065 840 0
831 680 0
3419 507 0
4202 944 0
3408 147 1
5384 140 0
657 333 0
1995 192 0
3029 897 0
886 559 0
924 561 0
5242 857 0
1853 329 1
3863 49 0
1829 325 0
3939 658 0
4366 833 0
2500 573 0
2487 620 0
4849 572 0
4317 828 0
803 517 0
3349 270 0
3065 230 0
3031 207 0
4941 566 0
2625 139 0
108 867 0
4631 209 0
3998 499 0
2556 620 0
3269 530 0
3990 458 0
2723 462 0
3241 352 0
5024 146 0
2073 678 0
4122 643 0
72 311 0
2566 697 0
3896 71 0
4653 93 0
4399 9 0
4292 313 0
4641 994 0
831 640 0
2801 576 1
709 701 0
3710 606 0
4316 757 0
3628 112 0
1288 58 0
3401 104 0
4951 327 0
2261 118 0
1795 49 0
3296 921 0
4133 423 0
80 441 0
3714 204 0
5386 139 0
3452 995 0
458 594 0
3068 209 0
3061 756 0
1586 248 0
2571 294 0
2426 202 0
3250 408 0
4321 51 0
2617 211 0
85 662 0
3903 869 0
3731 219 0
292 369 0
3637 895 0
5135 308 1
1242 157 0
2838 226 0
2658 885 0
678 930 0
68 538 0
1302 883 0
2287 558 0
3869 219 0
3202 250 0
468 661 0
2540 30 0
2956 281 0
137 729 0
41 105 0
1446 145 0
1496 150 1
956 484 0
3922 908 0
5336 134 0
3118 566 0
3344 813 0
3168 174 0
1507 330 0
2153 983 0
1987 373 0
2196 397 0
4600 310 0
99 818 0
3316 772 0
2864 725 0
3115 347 0
2791 827 0
5336 717 0
2540 606 0
1389 670 0
3846 349 0
1298 788 0
3931 517 0
5069 907 0
1752 89 0
2272 674 0
3534 491 0
461 49 0
3334 744 0
4017 306 0
4710 848 1
3362 684 0
2615 676 0
4642 870 0
1702 928 0
5208 125 0
1287 994 0
2568 310 0
916 437 0
3076 970 0
333 623 0
2475 591 0
496 909 0
3759 96 0
46 741 1
1736 587 0
2391 218 0
4483 207 0
4722 873 0
3807 542 0
727 97 0
3996 130 0
5334 871 0
186 320 0
3280 436 0
879 390 0
2883 93 0
801 734 0
601 952 0
5313 488 0
2532 773 0
5038 278 0
1172 302 0
2848 689 0
4046 698 0
4847 247 0
2354 226 0
3760 372 0
1854 854 0
4581 785 0
2608 312 0
641 519 0
4891 800 0
4252 759 0
3879 308 0
1426 917 0
690 147 0
3290 94 0
1636 583 0
4515 615 0
3150 551 0
4328 53 0
541 306 0
2028 386 0
449 362 0
2727 840 0
4896 528 0
2788 479 0
2828 377 0
2073 848 0
1762 310 0
4198 540 0
2057 565 0
1406 521 0
1348 437 0
4687 46 0
2468 363 0
3266 872 1
5238 983 0
4197 792 0
1679 687 0
944 994 0
2608 904 0
2870 450 0
1891 796 0
4596 626 0
3787 88 0
737 523 0
472 45 0
5236 558 0
1494 480 0
674 326 0
1089 25 0
2726 720 0
1695 208 0
1735 316 0
4110 227 0
4919 327 0
4193 398 0
3676 659 0
3697 334 0
720 366 0
1961 127 0
2122 104 0
1677 261 0
1268 429 0
713 999 0
3052 833 0
3364 513 0
4249 153 0
2258 530 0
5392 359 0
4513 448 1
3407 693 0
1960 403 0
3445 39 0
1846 395 1
3209 715 0
3898 781 0
2907 276 0
1684 756 0
3584 195 0
2827 819 0
1512 513 1
3917 746 0
48 240 0
5254 190 0
4021 318 0
3510 795 0
475 159 0
4623 36 0
4843 409 0
2479 53 0
3760 430 0
4267 183 0
589 968 0
5142 310 0
3455 624 0
2491 242 0
3721 19 0
362 758 0
3567 232 0
2374 406 0
3278 275 0
174 336 0
4045 309 0
15 197 0
2881 801 0
2360 256 0
3952 529 0
3061 725 0
193 54 0
4780 175 0
4773 440 0
4804 696 0
3698 30 0
4523 144 0
2844 975 0
2171 831 0
2074 246 0
1824 979 0
1614 478 0
3327 669 0
15 295 0
4909 12 0
4510 527 0
1551 202 0
5193 169 0
1287 406 0
2920 951 0
1716 70 0
1275 836 0
3601 293 0
2910 194 1
1199 477 0
2288 200 0
1560 45 0
2689 431 0
4773 116 0
3368 534 0
4995 496 0
1630 346 0
506 201 0
2740 271 0
5164 504 0
4651 763 0
3750 928 0
625 599 0
3022 269 0
202 943 0
1476 946 0
44 53 0
2575 401 0
4520 69 0
493 31 0
231 33 0
1074 81 0
5162 40 0
3450 109 0
4120 192 0
1526 852 0
1672 722 0
3986 469 0
3943 46 0
1825 780 0
2205 928 0
3190 670 0
3615 846 0
4998 412 0
2680 19 0
178 882 0
4526 185 0
1757 303 0
326 757 0
1737 455 0
5140 780 0
3076 945 0
2181 914 0
441 503 0
1239 74 0
3783 133 0
5375 180 0
3132 54 0
1105 548 0
4183 173 0
3292 541 0
3978 7 0
802 724 0
4846 685 0
4819 718 0
653 942 0
3470 107 1
204 424 0
3268 138 0
2928 829 0
2473 346 0
1748 436 0
1148 670 0
2031 955 0
201 874 0
3018 421 0
3825 138 0
625 58 0
339 329 0
4088 394 0
5387 659 0
4907 228 0
3903 546 0
1467 641 0
2899 867 0
4453 652 0
2915 23 0
2666 901 0
3920 361 0
96 986 0
4345 62 0
894 291 0
766 623 0
2552 418 0
3333 249 0
2657 432 0
1391 51 0
4307 912 0
2984 557 0
813 980 0
1831 541 0
3073 207 0
249 377 0
2676 868 0
2861 969 0
149 282 0
3279 963 0
3679 537 0
2541 395 1
527 565 0
5144 361 0
1651 836 0
441 795 0
3619 331 0
3512 354 0
5392 681 0
3859 556 0
4303 479 0
2654 825 0
292 696 0
4476 656 0
2431 697 0
1420 473 0
2711 701 0
1759 137 0
3575 11 0
1526 706 1
209 769 0
2961 378 0
4273 195 0
148 804 0
3485 650 0
2039 837 0
5357 696 0
3783 445 0
4063 149 0
2803 923 0
4911 316 0
351 345 0
2542 628 0
879 477 0
5341 257 0
2034 613 0
1498 991 0
1658 874 0
677 253 0
5164 845 0
473 992 0
3438 1 0
2964 767 0
986 4 0
2038 292 0
1634 210 0
5390 49 0
1456 423 0
1135 327 0
1237 666 0
3350 111 0
63 561 0
513 587 0
4188 550 0
4098 748 0
1193 482 0
5090 378 0
4604 872 0
1532 401 0
877 605 0
3009 237 0
374 528 0
2495 339 0
1120 908 0
1676 466 0
4796 142 0
4883 28 0
3033 763 0
3192 908 0
2834 524 0
747 647 0
997 930 0
2501 200 0
2539 315 0
3657 807 0
4494 363 0
1935 605 0
164 674 0
509 660 0
63 849 0
580 572 0
4511 746 0
2270 320 0
1709 189 0
4047 314 1
2469 933 0
3037 614 0
2737 139 0
4833 638 0
4015 808 0
616 638 0
4532 87 0
3593 961 0
5192 321 0
3090 653 0
912 286 0
4372 325 0
3789 999 0
2296 367 0
4613 710 0
3568 843 0
3907 840 0
3913 469 0
4087 915 0
785 413 0
4974 990 0
2313 294 0
4973 436 1
4991 121 0
5033 65 0
1995 333 0
2005 268 0
3940 391 0
2775 778 0
1892 259 0
3809 800 0
1307 910 0
2739 3 0
2620 972 0
31 794 0
4531 569 0
3617 827 0
3989 971 0
2961 33 0
1893 213 0
4837 214 0
4208 183 0
3468 270 0
1990 2 0
1925 429 0
1050 547 0
2569 578 0
3475 986 0
882 976 0
506 471 0
4413 922 0
5320 557 0
3421 309 0
5171 745 0
4166 142 0
2652 178 1
3706 783 0
2173 638 0
4719 578 0
1806 975 1
4044 846 0
2070 887 0
1305 343 0
3137 40 0
4297 635 0
3652 380 0
4861 276 0
4929 285 0
2700 343 1
3771 731 0
4007 247 0
1481 647 0
4177 977 0
3301 63 0
2749 782 0
3085 309 0
378 26 0
2126 832 0
3022 26 0
4370 503 0
2273 496 0
3914 745 0
4263 732 0
1838 652 0
3057 121 0
1149 646 0
1390 844 0
1955 297 0
1519 386 0
2244 663 0
1712 173 0
4668 859 0
3043 870 0
4471 515 0
4936 417 0
930 41 0
192 715 0
495 433 0
3984 789 0
688 490 0
2997 771 0
5351 364 0
3838 630 0
1065 59 0
1878 455 0
49 103 0
2407 219 0
3277 667 0
5094 858 0
1449 326 0
4935 264 0
4556 989 0
4959 905 0
2055 122 0
3850 372 0
236 975 0
493 519 0
639 311 0
1188 375 0
3554 893 0
3618 759 0
2493 628 0
933 435 0
886 431 0
1750 436 0
5135 489 0
1517 25 0
5364 637 0
3520 376 0
3700 554 0
3290 209 0
2899 173 0
1948 967 0
3232 752 0
4520 616 0
2639 215 0
5222 882 0
1250 549 0
3127 16 0
3194 920 0
4704 286 0
1573 798 0
514 185 0
665 479 0
2753 147 0
5346 825 0
672 136 0
3171 703 0
4399 302 0
2403 270 1
2338 594 0
2803 577 0
4784 962 0
4541 444 0
5246 989 1
3037 6 0
5245 5 0
5105 202 0
537 427 0
724 40 0
3440 586 0
542 68 0
3521 998 0
2648 439 0
5271 446 0
5343 931 0
3866 314 0
2364 835 0
5059 207 0
3452 291 0
5351 797 0
661 601 0
33 552 0
1530 680 0
2424 400 0
4817 584 0
3527 705 0
1763 658 0
1343 685 0
2624 86 0
3185 808 0
2683 730 0
314 610 0
1065 227 0
3661 771 0
899 484 0
3876 24 0
3447 980 0
4432 911 0
3464 764 0
3633 142 0
1911 845 0
1185 172 0
223 282 0
2088 785 0
537 721 0
1181 179 0
771 769 0
871 222 0
5249 512 0
4488 490 0
3098 77 0
1644 919 0
4065 702 0
4035 248 0
4712 195 0
2516 320 0
254 587 0
404 730 0
4079 690 0
3949 777 0
2619 562 0
4135 152 0
3327 6 0
4960 979 0
2192 520 0
2349 377 0
427 898 0
5028 565 0
1216 974 0
4119 606 0
198 35 0
3637 986 0
179 64 0
3015 861 0
1058 423 0
3261 591 0
1527 796 0
2529 274 0
949 268 0
238 808 0
2162 774 0
2926 214 0
1735 313 0
687 43 0
1964 223 0
1354 6 0
335 302 0
389 940 0
2715 765 0
1996 534 0
3121 495 0
646 528 0
579 99 0
4409 587 0
4610 400 0
4180 639 0
5106 832 0
4351 58 0
3038 209 0
518 419 0
317 792 0
31 713 0
3865 699 0
181 376 0
500 416 0
320 237 0
2317 540 0
2070 896 0
291 436 0
968 996 0
590 800 0
1916 540 0
2094 118 0
3050 198 0
4072 892 0
841 401 0
5037 578 0
285 235 0
4889 972 0
3103 126 0
327 417 0
1773 878 0
3537 854 0
3767 535 0
566 264 0
3077 342 0
2014 516 0
512 905 0
4789 565 0
4595 369 0
2724 54 1
2208 919 0
3123 876 0
805 765 0
2398 405 0
3137 339 0
3971 304 0
4786 720 0
3194 752 0
1873 561 0
4917 676 0
3432 857 0
235 698 0
1212 580 0
4194 129 0
2182 102 0
933 717 0
5375 671 0
4936 684 0
1752 774 0
2917 894 0
832 793 0
1471 87 0
1565 90 0
5155 433 0
1415 668 0
5001 389 0
3789 313 0
2629 109 0
3249 608 0
108 181 0
42 169 0
4081 908 0
1942 792 0
3571 318 0
2358 462 0
3304 709 0
4497 854 0
1222 300 0
3450 549 0
1613 953 0
3937 601 0
1764 43 0
395 667 0
2925 176 0
4838 957 1
3314 63 0
2233 361 0
1278 139 0
5190 990 0
3291 727 0
2893 869 0
1791 806 0
2968 104 0
3432 570 0
5073 620 0
2867 870 0
995 996 1
3013 486 0
5151 792 0
919 716 0
1919 466 0
39 873 0
3594 320 0
886 8 0
5214 113 0
1476 507 1
4966 789 0
5366 778 0
4840 361 0
4003 158 0
2199 71 0
3725 171 0
1653 980 0
4154 810 0
3006 805 0
5039 276 0
2496 443 0
1464 648 0
2892 466 0
5118 504 0
1888 74 0
443 430 0
3337 51 1
566 865 1
1781 51 0
3273 668 0
1444 829 0
202 607 0
164 80 0
288 562 0
179 370 0
769 779 0
4201 338 0
171 188 0
705 873 0
3263 489 0
2618 585 0
4816 114 0
4207 265 0
2684 530 0
5304 24 0
2435 53 0
3093 174 1
3497 965 0
2118 432 0
2124 997 0
2020 194 0
2916 559 0
4176 391 0
629 761 0
1978 60 0
4772 826 0
4393 425 0
4391 620 0
1132 362 0
351 752 0
315 269 0
2344 920 0
4300 22 0
657 649 0
4654 120 0
3248 156 0
2973 216 0
4999 930 0
3545 496 0
4772 237 0
3340 557 0
1948 22 0
3214 161 0
2547 659 0
2065 198 0
3525 13 0
5210 606 0
1668 915 0
1425 635 0
4829 989 0
5315 908 0
3604 290 0
2502 229 0
5176 997 0
1357 927 0
4235 363 0
845 593 1
5280 226 0
1070 466 0
48 752 0
2799 333 0
3655 661 0
427 441 0
2121 303 0
2537 88 0
2122 765 0
2089 208 0
4312 571 0
737 54 0
5087 494 0
2836 819 0
5264 331 0
3058 66 0
4612 326 0
107 166 0
2066 190 0
3895 386 0
290 354 0
231 590 0
1645 466 0
913 58 0
2667 109 0
1629 415 0
491 249 0
3974 339 0
602 893 0
3724 814 0
3823 864 0
2148 333 0
2025 337 0
2506 680 0
2007 304 0
1246 916 0
446 131 0
1492 21 0
567 783 0
1187 895 0
2592 536 0
3549 43 0
1666 27 0
1669 550 0
1695 767 0
667 436 0
2001 202 0
1880 442 0
2208 945 0
1116 280 0
4921 892 0
3239 501 1
4281 21 0
1499 80 0
5049 341 0
2263 2 0
1567 48 0
2769 459 0
1528 291 0
827 584 0
3079 227 0
1922 229 1
1352 857 0
133 991 0
4183 277 0
646 452 0
2903 281 0
604 573 1
4840 509 0
5043 923 0
46 723 0
864 889 0
2904 796 0
4507 700 0
2043 641 0
2576 248 0
505 220 0
3545 22 0
2921 480 0
3274 577 0
1397 746 0
1004 971 0
4 881 0
2089 610 0
4421 747 0
3119 377 0
785 70 0
1527 457 0
4605 151 0
1390 678 0
1117 990 0
727 99 0
2775 880 0
1436 546 0
3941 143 0
1966 672 0
3900 345 0
3443 721 0
2057 984 0
4531 870 0
1434 553 0
1226 539 0
779 4 0
983 763 0
3273 173 0
1948 95 0
2649 355 0
4215 470 0
2451 900 0
1267 227 0
1520 480 0
804 799 0
3749 839 0
810 197 0
2764 744 0
3547 435 0
1107 513 0
2145 447 0
4037 119 0
2247 410 0
773 781 0
4763 621 0
464 554 0
3671 338 0
3595 188 0
5026 689 0
4343 715 0
576 332 0
4363 336 0
3382 666 0
3354 598 0
4855 412 0
1552 94 0
4230 798 0
1636 556 0
1338 222 0
1596 774 1
4053 855 0
315 908 0
3711 461 0
4494 199 0
2170 512 0
2016 783 0
3026 973 0
4886 260 0
2719 942 0
190 203 0
325 277 0
4229 799 0
4350 21 0
4274 207 0
599 201 0
316 584 0
4068 44 0
5346 258 0
2758 6 0
4179 964 0
1449 688 0
4977 744 0
123 781 0
1572 244 0
271 355 0
102 676 0
2966 854 0
2948 966 0
3053 478 0
288 284 0
88 373 0
3894 178 0
4298 114 0
3557 631 0
2940 223 0
3011 68 0
4469 857 1
2713 645 0
630 751 0
3922 601 0
2602 643 0
1696 705 0
1891 431 0
1680 140 0
205 881 0
5219 970 0
3917 387 0
2126 789 0
4138 843 0
4591 527 0
7 230 0
319 701 0
4490 374 0
1401 365 0
3222 326 0
2989 411 0
5370 616 0
1338 195 0
2868 554 0
5318 514 0
1582 819 0
1428 890 0
3101 186 0
2439 263 0
2125 197 0
5215 742 0
2267 396 0
5315 408 0
4206 976 0
1822 381 0
268 176 0
2531 725 0
490 260 0
1916 96 0
2214 896 0
1033 129 0
4450 226 0
2609 196 0
1124 366 0
5068 62 0
5382 992 0
3782 654 0
1366 118 0
4793 71 0
3638 311 0
5359 623 0
2486 881 0
1048 872 0
2361 556 0
5234 445 0
560 491 0
1204 886 0
3922 54 0
1239 400 0
1976 535 0
3780 671 0
4535 719 0
2491 694 0
200 351 0
3235 452 0
2828 102 0
15 116 0
3142 423 0
1563 557 0
1501 615 0
3561 762 0
954 555 0
3315 538 0
2671 252 0
402 531 0
2936 742 0
300 679 0
4380 873 0
5303 599 0
3177 453 0
4730 645 0
563 995 0
785 982 0
585 50 0
284 373 0
2156 42 0
4770 977 0
3434 708 0
4175 298 0
3379 901 0
4219 188 0
1835 354 0
1689 892 0
3631 888 0
2260 536 0
624 496 0
3855 751 0
207 419 0
4597 589 0
2132 781 0
2327 613 0
5170 915 0
1684 472 0
931 584 0
4244 37 0
1231 893 0
1249 719 0
4895 857 0
369 883 0
2399 23 0
3132 780 0
2985 741 0
5052 264 0
81 910 0
774 971 0
948 585 0
5157 946 0
4803 171 0
4061 643 0
4625 428 1
981 967 0
2428 357 0
3944 60 0
1017 136 0
2107 493 0
2511 958 0
5335 926 0
4288 58 0
3181 985 0
4577 702 0
4659 945 0
2989 125 0
4335 887 0
2879 225 0
1422 394 0
3151 509 0
2357 507 0
4152 65 0
4442 26 0
844 685 0
923 787 0
2925 944 0
4214 424 0
3268 307 0
4238 283 0
3939 899 0
3130 420 0
4588 801 0
686 498 0
4915 874 0
2328 838 0
3023 469 1
750 191 0
2937 89 0
293 133 0
530 648 0
2300 293 0
1682 215 0
4154 490 0
3441 773 0
3047 77 0
2840 278 0
3220 456 0
1692 553 0
5148 743 0
921 973 0
3959 960 0
5127 660 0
4364 992 0
2516 349 0
3346 706 0
5160 752 1
5318 87 0
764 345 0
3269 460 0
1502 259 0
3464 496 0
5252 617 0
1256 626 0
1400 119 0
4239 81 0
3175 119 0
883 617 0
1015 172 0
4181 294 0
4996 647 0
2738 622 0
158 223 0
3787 52 0
1650 277 0
1734 410 0
4810 791 0
2279 305 0
2538 146 0
481 347 0
2185 386 0
2996 878 0
1525 351 0
2849 175 0
4079 694 0
775 889 0
4268 146 0
255 664 0
2618 644 0
201 445 0
2917 116 1
2970 785 0
3824 238 0
3479 880 0
1332 473 0
4864 967 0
603 628 0
4796 553 0
4166 250 0
686 743 0
2392 84 0
5072 549 0
4854 904 0
4415 544 0
2473 804 0
3538 579 0
953 187 0
971 353 0
4704 181 0
1360 544 0
2687 220 0
5249 286 0
482 183 0
5120 593 0
519 908 0
2913 483 0
3843 782 0
1271 889 0
4558 634 0
3321 973 0
4606 398 0
1886 958 0
5324 385 0
262 460 0
2134 942 0
5062 194 1
316 285 0
2712 783 0
3720 438 0
575 61 0
3422 385 0
150 517 0
3454 589 0
2494 806 0
372 996 0
1828 487 0
937 233 0
603 513 0
1536 513 0
292 623 0
2283 780 0
2900 547 0
3617 28 0
1458 670 0
699 485 0
1042 728 0
2160 99 0
1596 412 0
3854 563 0
3118 777 0
5010 349 0
2363 185 0
4307 623 0
4737 292 0
5154 120 0
887 115 0
3902 764 0
2136 835 0
4754 547 0
545 425 0
4157 211 0
4299 822 0
200 175 0
3241 306 0
946 242 0
1353 461 0
5146 850 0
2702 490 0
1479 107 0
1638 804 0
2890 235 0
2088 883 0
3034 512 0
1203 678 0
915 534 0
606 19 1
3787 97 0
1086 661 0
3428 637 0
2539 431 0
2803 656 0
170 100 0
1562 826 0
4515 669 0
3400 75 0
2043 111 0
5138 172 0
2695 345 0
5153 394 0
2102 289 0
596 547 0
1085 155 0
5062 28 0
1859 55 0
3806 952 0
1879 313 0
615 459 1
1765 17 0
4927 799 0
3999 285 0
3885 222 0
2418 653 0
660 185 1
515 34 0
1744 405 0
4466 956 0
4469 937 1
1367 977 0
973 663 0
318 956 0
3824 288 0
4098 879 0
3589 73 0
3288 466 0
3202 435 0
1079 439 0
807 193 0
1593 775 0
3833 631 0
2019 472 0
4744 997 0
1770 674 0
3374 591 0
3734 570 0
1953 740 0
4908 307 0
553 492 0
3694 867 0
3879 720 0
5208 484 0
4958 974 0
5272 606 0
5114 824 0
2967 97 0
3568 716 0
1682 475 0
4963 94 0
200 690 0
4545 587 0
1369 189 0
1524 452 0
2060 195 0
2052 847 0
3264 761 0
1192 743 0
735 144 0
1532 200 0
1087 303 0
3266 387 1
2396 670 0
1420 899 1
988 988 0
3276 342 0
2415 906 0
3549 526 0
1800 616 0
4073 913 1
1472 710 0
990 168 0
1535 439 0
400 960 0
3288 293 0
4162 987 0
1670 910 0
4020 581 0
5108 481 0
1404 143 0
2409 876 0
2876 103 0
4768 216 0
4285 776 0
3134 473 0
4712 321 0
1411 394 0
2807 125 0
557 63 0
3139 203 0
4258 558 0
59 941 0
350 568 0
2458 166 0
4491 303 0
4578 819 0
1756 130 0
1931 774 0
4106 89 0
2441 132 0
4710 542 0
4153 560 0
893 357 0
3037 783 0
3224 299 0
3340 702 0
1625 376 0
5062 344 0
702 81 0
152 259 0
2775 103 0
816 807 0
5097 961 0
4056 91 0
191 472 0
3595 86 0
4582 285 0
831 478 1
1193 553 0
105 391 0
175 171 0
4826 589 0
2980 56 0
5019 836 0
4715 873 0
2446 217 0
1384 726 0
880 609 0
3986 569 0
1310 447 0
1841 938 0
4828 128 0
2253 20 0
3277 278 0
4932 170 1
1123 357 0
344 116 0
3209 882 0
59 772 0
1569 656 0
1412 826 0
3095 795 0
5168 206 0
3589 239 0
4069 751 0
1178 345 0
3438 351 0
2207 821 0
4301 224 0
4321 244 0
3061 850 0
5176 174 0
1265 641 0
1274 804 0
4326 26 0
3900 489 0
825 326 0
1348 503 0
3034 455 0
3182 79 0
4173 778 0
3897 481 0
2781 32 0
2794 18 0
4313 649 0
1983 90 0
586 935 0
3663 416 0
3531 609 0
3098 527 0
5277 790 0
2081 362 0
4586 983 0
3460 605 0
1726 150 0
3202 804 0
1084 185 0
3139 552 0
3868 97 0
4753 474 0
199 659 0
4331 128 0
1125 503 0
3432 84 0
2121 933 0
3197 200 0
795 648 0
2297 389 0
2151 730 0
2175 274 0
4405 779 0
634 382 0
1448 258 0
2305 379 0
1243 531 0
2723 979 0
2381 532 0
2273 391 0
3552 136 0
3993 176 0
4002 558 0
3663 847 0
3854 684 0
2204 629 0
4294 20 0
296 195 0
1323 800 0
2064 798 0
5247 997 0
5046 767 0
1934 609 0
1149 450 0
5288 787 0
1210 698 1
3273 474 0
62 804 0
1277 881 0
3650 116 0
1277 9 0
3528 471 0
766 720 1
4431 947 0
3943 100 0
1520 557 0
2770 40 0
2362 119 0
2508 721 0
3858 919 0
2805 176 0
1867 226 0
1373 468 0
1293 945 0
3746 664 0
3075 833 0
5325 295 0
3428 987 0
3954 77 0
302 446 0
152 155 0
2448 395 0
1521 837 1
3204 695 0
551 185 0
5168 741 0
1260 909 0
1035 959 0
39 947 0
1968 7 0
2275 674 0
489 11 0
1228 876 0
3178 289 0
4331 391 0
4512 546 0
438 860 0
3523 955 0
4718 465 0
2642 957 0
1808 892 0
1272 751 0
5350 536 0
4244 821 0
4549 743 0
2358 76 0
4684 288 0
1460 382 0
3297 770 0
3472 284 0
3309 237 0
2281 175 1
4495 710 0
898 901 0
1705 36 0
5182 554 0
3562 486 0
801 356 0
3119 161 0
2806 348 0
2336 815 0
3524 721 0
2679 209 0
3650 48 0
4464 59 0
1463 550 0
809 686 0
2134 38 0
1069 83 0
3381 379 0
1632 507 0
3459 578 0
2645 29 0
4959 669 0
813 349 0
4479 743 0
1702 362 0
5053 642 0
4737 916 0
5007 597 0
5026 225 0
4997 46 0
2688 986 0
3089 532 0
3633 578 0
1373 896 0
2349 547 0
4536 603 0
2277 418 0
189 603 0
4728 877 0
4518 12 0
4557 140 0
1 772 1
355 913 0
2751 407 0
3892 781 0
970 569 0
2591 804 0
1476 356 0
1675 489 0
1542 878 0
3085 738 0
2491 981 0
2277 67 0
4334 310 0
2964 711 0
2550 933 0
1078 110 0
379 454 0
3428 414 0
1017 733 0
1323 988 0
4300 483 0
1185 38 1
3400 641 0
1651 325 0
2744 170 0
3906 242 0
4365 607 0
1642 613 0
3328 551 0
2927 728 0
3498 55 0
3457 155 0
5198 923 0
4985 115 0
5134 439 0
3811 793 0
912 144 0
4604 838 0
334 338 0
1182 749 0
1642 183 0
1658 254 0
1151 140 0
5388 211 0
4488 681 0
3609 412 0
3869 803 0
200 898 0
2072 169 0
34 534 0
5267 500 0
4870 133 0
1761 114 0
4809 982 0
1751 447 0
2818 49 0
5168 520 0
905 836 0
2005 811 0
4873 348 0
1652 450 0
746 891 0
1250 732 0
3281 354 1
4267 367 0
2433 932 0
1047 733 0
1469 884 0
4195 111 0
2602 666 0
3191 975 0
2257 980 0
3523 405 0
1718 197 0
38 946 0
3140 222 0
444 355 0
2849 274 0
4412 369 0
5070 172 0
739 59 0
3344 481 0
5247 860 0
2685 670 0
1321 779 0
824 331 0
814 3 0
2497 237 0
1126 790 0
1503 248 0
804 319 0
4512 331 0
3494 482 1
3640 31 0
3190 195 0
1416 718 0
996 394 0
4104 712 0
4818 158 0
2014 548 0
779 837 0
3408 785 0
3839 102 0
291 153 0
1820 299 0
1175 447 0
2176 45 0
3688 427 0
148 266 0
4215 661 0
5160 922 0
1218 209 0
3496 969 0
666 598 0
5084 419 0
3632 838 0
2644 275 0
764 978 0
5287 623 0
4722 94 1
1146 554 0
4268 883 0
4532 342 0
2492 96 0
1126 3 0
3319 407 0
3827 34 0
333 917 0
474 157 0
4729 314 0
2648 176 0
4979 361 0
4947 186 0
4545 479 0
96 764 0
5019 619 0
3464 297 0
878 444 0
2514 22 0
4381 988 0
1817 613 0
323 675 0
2312 959 0
1117 800 0
2509 510 0
609 582 0
4054 309 0
4913 833 0
2865 874 0
197 562 0
180 677 0
4813 392 0
4541 129 0
2660 838 0
1910 665 0
2858 235 0
2626 432 0
1524 908 0
3411 63 0
1479 87 0
2681 615 0
3809 196 0
24 915 0
3208 768 0
5124 731 0
1866 476 0
599 656 0
5025 661 0
4505 801 0
1220 470 0
3570 348 0
2707 641 0
3938 788 0
1765 271 0
95 153 0
504 580 0
3650 517 0
3514 135 0
1706 836 0
140 101 0
1988 485 0
3718 493 0
1152 752 0
5008 952 0
5074 310 0
1382 959 0
2781 1 0
5010 73 0
822 497 0
1618 353 0
3780 507 0
3592 237 0
1161 495 0
2212 34 0
2287 243 0
4127 945 0
2059 117 0
5137 798 0
853 687 0
2656 260 0
5238 669 0
2665 833 0
1913 578 0
63 474 0
2935 177 0
788 743 0
1847 308 0
2789 740 0
2594 270 0
1190 485 0
4131 954 0
2980 279 0
2129 136 0
3619 790 0
852 317 0
2510 612 0
3436 361 0
5251 172 0
2239 391 0
4270 48 0
906 41 0
581 375 0
2940 802 0
4773 286 0
17 457 0
5377 81 0
3389 182 0
3608 742 0
3081 20 0
516 294 0
4735 54 0
3651 949 0
4016 921 0
1047 334 0
546 620 0
4319 92 0
4234 703 0
763 599 0
2385 561 0
654 174 0
1980 744 0
2262 881 0
370 80 0
685 593 0
3160 458 0
3445 771 0
3288 224 0
3887 496 0
3671 911 0
1463 316 0
4225 950 0
2988 947 0
4454 420 0
1941 847 0
493 423 0
4786 656 0
3146 51 0
2865 59 0
3306 553 0
3238 451 0
4448 389 0
3941 366 0
3957 982 0
4205 776 0
165 140 0
5291 721 0
1008 92 0
5215 446 0
720 391 0
4049 153 0
1284 188 0
5195 59 0
2792 566 0
4044 164 0
2651 145 0
4837 276 0
2615 347 0
1916 241 0
3112 220 0
2146 164 0
1622 285 0
537 724 0
3469 857 0
441 719 0
1157 304 0
4816 526 0
963 118 0
2258 683 0
3912 57 0
1059 205 0
898 45 0
1826 282 0
4142 74 0
740 342 1
5052 1000 0
3316 393 0
4483 218 0
1754 84 0
1787 32 0
1773 907 0
1115 494 0
1061 717 0
2750 990 0
2553 856 0
3972 560 0
3835 947 0
3694 4 0
2348 713 0
5318 842 0
2507 685 0
2571 552 0
1720 633 0
4517 693 0
1080 904 1
1855 624 0
4058 542 0
5305 714 0
3604 782 0
3564 683 0
1192 190 0
2612 184 0
4544 868 0
955 117 0
4395 795 0
4413 678 0
2584 180 0
415 313 0
2058 164 0
3355 853 0
2008 883 0
1405 446 0
3534 175 0
3525 125 0
76 473 0
2084 336 0
1050 835 0
3330 140 0
1611 623 0
1212 255 0
1284 569 0
4943 773 1
106 815 0
4658 15 0
5243 475 0
3167 211 0
4052 837 0
246 466 0
3460 267 0
3862 71 0
2090 895 0
1187 301 0
1461 893 0
1196 856 0
4214 282 0
3028 817 0
2470 746 0
2869 3 0
571 95 0
1245 650 0
2566 683 0
2931 554 0
4403 905 0
978 398 0
2717 267 0
1981 421 0
1664 27 1
2965 945 0
360 971 0
2170 84 0
4829 505 0
2663 904 0
5043 150 0
2315 534 0
2691 362 0
1609 294 0
508 714 0
3679 147 0
4333 116 0
4827 726 0
4203 806 0
989 943 0
2257 13 0
468 295 0
1905 468 0
3430 610 0
488 722 0
1006 205 0
3411 307 0
1408 390 0
2722 451 0
5314 916 0
5243 793 0
4985 4 0
1691 747 0
3283 48 0
1561 630 0
2118 579 0
357 762 0
3425 501 0
2804 750 0
3641 155 0
1701 287 0
1145 662 0
4000 672 0
3477 556 0
4477 564 0
5366 671 0
4311 546 0
2253 159 0
2691 209 0
4491 735 0
1518 427 0
145 108 0
3884 991 0
2144 280 0
1521 943 1
5250 681 0
964 586 0
1351 351 0
3357 399 0
2836 945 0
2380 98 0
5128 65 0
315 929 0
1742 279 0
998 1 0
4160 22 0
4808 185 0
1304 880 0
2701 151 0
3925 907 0
3384 671 0
1100 168 0
4757 788 0
1053 114 0
114 954 0
3166 31 0
292 325 0
3570 901 0
469 27 0
2517 438 0
3696 178 0
3532 114 0
4418 610 0
4993 558 0
2924 463 0
3872 734 0
2440 388 0
2048 287 0
3862 267 0
957 853 0
2581 177 0
3676 139 0
3480 336 0
1293 695 0
4554 269 0
689 14 0
2864 783 0
2756 733 0
1493 994 1
3158 827 0
4243 152 0
1684 972 0
250 621 0
2700 598 0
762 568 0
3720 638 0
5029 845 0
680 100 0
28 514 0
353 208 0
2415 59 0
1293 263 0
3242 389 0
4021 91 0
309 93 1
1388 417 0
1563 510 0
3355 733 0
1167 937 0
2043 4 0
3569 178 0
1936 429 0
3500 446 0
5327 551 0
4144 977 0
1961 506 0
1097 375 0
4084 764 0
1220 266 0
1214 776 0
3581 494 0
1243 26 0
846 561 0
37 226 0
1456 459 0
5060 727 0
853 904 0
1867 395 0
2833 96 1
837 961 0
2296 181 0
2409 218 0
2680 222 0
3234 534 0
3186 774 0
4166 41 0
3932 457 0
3931 745 0
476 692 0
1635 137 0
3019 14 0
3760 220 0
2876 77 0
1758 463 0
3043 817 0
4957 646 0
2565 787 0
2704 849 0
1892 620 0
1192 418 0
4507 466 0
3566 44 0
1228 665 0
798 977 0
5319 460 0
4354 791 1
3754 757 0
4053 65 0
1169 587 0
4426 385 0
2119 510 0
2201 52 0
4249 71 0
2708 751 0
4088 583 0
460 440 1
2006 836 0
3341 494 0
3516 232 0
241 623 0
4550 770 0
3146 5 0
9 109 0
3421 762 0
2319 733 0
2429 520 0
2808 421 0
909 267 0
1031 249 0
2234 17 0
3612 151 0
2380 880 0
3677 267 0
3748 35 0
4343 702 0
1748 48 0
3986 539 0
2159 593 0
4986 497 0
864 143 0
4108 845 0
3589 61 0
2742 208 0
2557 80 0
2937 551 0
4733 861 0
2508 445 0
252 544 0
1543 335 0
2350 288 0
1374 267 0
2225 245 0
2733 829 0
2730 308 0
3554 148 0
2895 698 0
4984 314 0
1630 942 0
2966 791 0
1141 134 1
1502 917 0
4719 713 0
2170 585 0
2226 608 0
1048 114 0
1863 713 0
1207 688 0
3152 146 0
2216 234 0
1694 231 0
4408 44 0
4428 994 0
3471 36 0
4876 762 0
1783 718 0
4106 43 0
4396 592 0
3305 743 0
3630 101 0
1908 283 0
3919 684 0
1540 771 0
1299 986 0
798 545 0
2167 936 0
440 489 0
4806 222 0
2147 446 0
3342 742 0
3571 22 0
3624 559 0
1445 13 0
4794 717 1
456 263 0
7 920 0
4151 293 0
3605 139 0
3689 27 0
2307 706 0
1405 538 0
2019 276 0
414 657 0
2122 973 0
4172 754 0
2903 176 0
5321 73 0
2142 625 0
2603 737 0
1232 87 0
366 183 0
2693 267 0
4333 139 0
432 202 0
1922 798 0
4627 444 0
3753 212 0
1400 843 0
690 690 0
2104 190 0
4966 932 0
645 520 0
984 265 0
3132 933 0
479 156 0
3269 760 0
2676 571 0
4918 986 1
4509 444 0
4506 845 0
4908 173 0
426 227 0
4627 187 0
3920 339 0
4814 764 0
1152 342 0
822 40 0
342 315 0
2083 770 0
3915 339 0
3875 856 0
5093 451 0
3409 174 0
3965 624 0
3163 462 0
941 335 0
3399 669 0
888 535 0
4693 580 0
5059 989 0
2290 210 0
2198 269 0
3795 877 0
1730 349 0
5237 676 0
1675 535 0
1147 160 0
1367 886 0
5130 435 0
252 937 0
3370 945 0
714 684 0
4194 581 0
1331 792 0
2564 536 0
2358 403 0
3722 862 0
1002 190 0
3019 132 0
292 478 0
1069 341 0
652 922 0
712 809 0
5037 966 0
2347 483 0
1234 676 0
5346 427 0
1208 847 0
1902 950 0
2294 814 0
2463 596 0
4976 761 0
5205 628 0
2299 114 0
530 200 0
4549 417 0
3591 998 0
331 720 0
4875 851 0
2956 874 0
2077 341 0
144 398 0
2410 94 0
2099 572 0
5176 719 0
1423 583 0
3712 371 0
262 376 0
5033 786 0
2420 68 0
2972 202 0
4165 753 0
5143 265 0
4708 495 0
741 388 0
5356 178 0
2101 808 0
1276 35 0
4265 454 0
1748 665 0
1138 364 0
550 797 0
796 137 0
546 801 0
2363 773 0
5027 454 0
5151 190 0
4989 983 0
2453 639 0
1966 416 0
1360 577 0
2534 333 0
681 52 0
1057 834 0
1272 41 0
4847 812 0
4049 832 0
3971 826 0
4117 736 0
4116 191 0
1595 934 0
4871 483 0
351 744 0
3301 137 0
5039 606 0
849 868 0
3900 190 0
1901 141 0
2613 608 0
5068 557 0
1642 335 0
2152 22 0
2856 251 0
4928 46 0
4820 351 0
2871 801 0
626 826 0
1966 72 0
3024 322 0
492 610 0
232 952 0
