4227 616 -1
5212 470 -1
5111 189 -1
312 576 -1
2254 231 -1
5016 829 -1
1081 349 -1
303 665 -1
469 27 -1
5039 230 1
1077 350 -1
2947 428 -1
639 445 -1
2072 896 -1
3624 587 -1
2463 975 -1
821 753 -1
5260 636 -1
5118 646 -1
382 567 -1
3988 156 -1
4522 884 -1
3407 672 -1
1854 739 -1
312 720 -1
1690 572 -1
1343 504 -1
875 699 -1
2271 395 -1
1026 467 -1
2027 430 -1
2856 498 -1
3235 247 -1
5390 534 -1
384 998 -1
4602 851 -1
1017 169 -1
2795 396 -1
1871 353 -1
4435 905 -1
1240 750 -1
5097 102 -1
3905 77 -1
4665 523 -1
3980 52 -1
569 365 -1
3154 949 -1
2695 978 -1
3038 904 -1
4594 17 -1
2929 127 1
4689 429 -1
4513 504 -1
1950 171 -1
5094 77 -1
3086 115 -1
509 251 -1
2663 904 -1
3866 384 -1
2132 781 -1
4735 269 -1
3259 734 -1
2121 438 -1
394 616 -1
1911 609 -1
2542 787 -1
5036 241 -1
4552 543 -1
158 450 -1
1429 675 -1
1565 550 -1
40 578 -1
5156 798 -1
3331 251 -1
2724 201 -1
3642 974 -1
4804 696 -1
2477 185 -1
1971 325 -1
2665 219 -1
1455 467 -1
2329 569 -1
5214 318 -1
4670 776 -1
5043 454 -1
1420 433 -1
1078 532 -1
699 677 -1
3549 43 -1
3202 439 -1
2211 580 -1
4186 228 -1
2658 818 -1
2957 11 -1
1525 450 -1
715 717 -1
3619 577 -1
635 851 -1
2161 843 -1
4343 361 -1
1006 367 -1
4977 507 -1
2564 488 -1
730 322 -1
1340 953 -1
5140 846 -1
303 474 -1
15 911 -1
107 485 1
1713 290 -1
5019 758 -1
383 419 -1
3839 486 -1
4626 824 -1
2348 831 -1
3953 352 -1
4564 673 -1
4132 399 -1
1547 797 -1
1813 952 -1
636 889 -1
3487 8 -1
4833 772 -1
2169 250 -1
4138 262 -1
3608 800 -1
394 317 -1
4415 950 -1
778 875 -1
5360 290 -1
2770 978 -1
481 347 -1
5241 50 -1
581 363 -1
2095 112 -1
944 994 -1
5110 555 -1
3745 306 -1
5265 31 -1
5343 646 -1
741 960 -1
4425 915 -1
1119 909 -1
3312 366 -1
4944 329 -1
2421 753 -1
4232 725 -1
1862 428 -1
3934 440 -1
1891 476 -1
3364 19 -1
2639 164 -1
4271 67 -1
2132 371 -1
1294 738 -1
4270 556 -1
4347 28 -1
1382 555 -1
664 654 -1
3043 213 -1
1998 540 -1
829 69 -1
3372 360 -1
3224 263 -1
4510 954 -1
2534 703 -1
770 644 -1
2855 937 -1
3768 510 -1
1505 966 -1
1038 227 -1
1426 436 -1
637 627 -1
2215 879 -1
2790 651 -1
2798 169 -1
5136 987 -1
1518 920 -1
602 422 -1
1697 611 -1
1453 171 -1
1322 154 -1
2547 5 -1
3599 838 -1
2470 167 -1
3807 959 -1
1203 966 -1
5268 747 -1
1493 232 -1
30 341 -1
5388 535 -1
1127 663 -1
466 268 -1
499 290 -1
318 422 -1
1239 718 -1
3927 22 -1
3213 578 -1
1542 878 -1
276 782 -1
5089 733 -1
86 166 -1
5018 71 -1
1088 306 -1
4041 345 -1
5322 716 -1
1987 384 -1
1739 715 -1
2730 852 -1
3941 21 -1
3622 336 -1
1916 837 -1
1900 707 -1
5126 672 -1
1812 359 -1
3390 226 -1
745 105 1
4141 929 -1
1154 860 -1
557 489 -1
4598 947 -1
4530 251 -1
1830 994 -1
1184 180 -1
4709 885 1
1813 364 -1
4990 679 -1
2245 942 -1
1715 300 -1
3950 338 -1
4747 905 -1
1823 569 -1
1080 288 -1
3264 143 -1
2466 735 -1
3679 527 -1
4873 348 -1
515 90 -1
1561 47 -1
5224 445 -1
1458 70 -1
3632 838 -1
4531 614 -1
1505 358 -1
1930 750 -1
3683 481 -1
2739 468 -1
5362 964 -1
997 96 1
2420 556 -1
3636 118 -1
5286 200 -1
2597 302 -1
2977 837 -1
4762 324 -1
3215 917 -1
4884 651 -1
5121 975 -1
88 219 -1
2697 950 -1
975 138 -1
4911 235 -1
3848 539 -1
800 320 -1
1508 388 -1
2765 791 -1
4844 582 -1
4382 175 -1
4150 182 -1
2353 94 -1
3079 278 -1
4825 802 -1
63 95 -1
3548 988 -1
3522 891 -1
3320 862 -1
4540 168 -1
4283 203 -1
1681 525 -1
2160 477 -1
3072 802 -1
5132 740 -1
4105 920 -1
5192 719 -1
4367 617 -1
1876 586 -1
5358 939 -1
190 739 -1
621 406 -1
3762 430 -1
1815 143 -1
1751 313 -1
155 545 -1
1827 943 -1
3692 446 -1
3763 208 -1
3987 170 -1
1816 973 -1
803 163 -1
2964 147 -1
5068 700 -1
4623 899 -1
4857 141 -1
558 43 -1
1098 714 -1
4095 673 -1
5274 378 -1
260 655 1
2964 408 -1
4125 688 -1
566 865 1
4085 297 -1
4123 409 -1
289 84 -1
3161 700 -1
1168 657 -1
2588 152 -1
5005 280 -1
3072 427 -1
3754 504 1
4306 632 -1
3128 187 1
2854 835 -1
4535 352 -1
3914 733 -1
2255 715 -1
1633 820 -1
3313 516 -1
4904 348 -1
51 244 -1
2511 460 -1
1533 869 -1
4277 436 -1
1680 687 -1
2840 995 -1
4561 924 -1
4049 163 -1
4786 877 -1
4687 129 -1
4956 788 -1
1521 124 -1
699 150 -1
4552 748 -1
2907 160 -1
4112 883 -1
1898 305 -1
5129 730 -1
607 675 -1
5343 861 -1
3930 741 -1
830 320 -1
1330 682 -1
5164 897 -1
4176 245 -1
4290 148 -1
125 367 -1
2905 221 -1
3271 835 -1
1885 985 -1
3526 399 -1
1444 4 -1
5254 629 -1
4938 388 -1
3903 690 -1
3265 809 -1
1077 571 -1
4197 768 -1
5306 869 -1
1257 346 -1
1679 13 -1
994 781 -1
3578 33 -1
2103 360 -1
452 371 -1
3641 632 -1
3552 757 -1
3756 372 -1
4246 354 -1
1134 681 -1
4438 239 -1
4044 908 -1
1060 505 -1
2186 577 -1
4960 979 -1
3537 352 -1
1945 466 -1
4488 956 -1
1225 51 -1
3378 700 -1
5334 427 -1
1806 429 -1
2898 640 -1
2117 76 -1
2528 583 -1
4494 199 -1
1438 934 -1
4685 797 -1
1927 953 -1
3999 459 -1
2949 478 -1
1269 823 -1
430 76 -1
2267 624 -1
3322 35 -1
4275 286 -1
4204 458 -1
1024 622 -1
422 466 -1
5320 152 -1
1216 921 -1
3729 488 -1
1101 198 -1
1796 510 -1
4367 690 -1
2451 121 1
4798 55 -1
4706 177 -1
831 138 -1
928 290 -1
5099 254 -1
5156 809 -1
3623 973 -1
4253 67 -1
2147 61 -1
1287 169 -1
984 868 -1
44 179 -1
968 181 -1
3310 677 -1
775 933 -1
2581 177 -1
63 849 -1
4482 280 -1
255 664 -1
987 98 -1
5351 104 -1
2204 370 -1
553 391 -1
1607 438 -1
1979 645 -1
403 455 -1
2709 488 -1
1010 582 -1
2495 347 -1
3596 772 -1
3624 294 -1
1024 536 -1
4461 536 -1
763 622 -1
3346 862 -1
76 211 -1
4167 116 -1
5082 460 -1
2885 770 -1
3081 907 -1
695 297 -1
1793 206 -1
752 629 1
565 348 -1
2397 913 -1
1356 115 1
3782 451 -1
275 538 -1
2536 213 -1
1352 377 -1
4174 50 -1
1556 206 -1
716 300 -1
3501 26 -1
2025 239 -1
2280 970 -1
4835 127 -1
271 756 -1
4277 488 -1
4056 35 -1
5244 230 -1
3274 577 -1
4335 428 -1
608 741 -1
3356 365 -1
1558 52 -1
4379 309 -1
3817 372 -1
5157 491 -1
1005 462 -1
3129 279 -1
4539 554 -1
1294 634 -1
3623 976 -1
1974 691 -1
2938 596 -1
1462 504 -1
4281 516 -1
1778 8 -1
5342 852 -1
2925 219 -1
4329 530 -1
4075 701 -1
4197 792 -1
2454 245 -1
2886 900 -1
1891 945 -1
1808 411 -1
1817 184 -1
4908 735 1
1417 727 -1
2813 263 -1
281 931 -1
5387 930 -1
767 581 1
2266 180 -1
1148 115 -1
3216 492 -1
4181 294 -1
3253 995 -1
5034 761 -1
5289 951 -1
1157 129 -1
239 579 -1
3546 175 -1
1602 447 -1
3916 547 -1
3283 15 -1
998 134 -1
4403 973 -1
1235 977 -1
3336 821 -1
4871 763 -1
2853 141 -1
4180 819 1
489 263 -1
850 810 -1
3460 931 -1
2973 826 -1
5398 386 -1
838 639 -1
3982 952 -1
4496 917 -1
4616 580 -1
898 281 -1
2578 327 -1
1480 544 -1
5331 492 -1
754 960 -1
5170 963 -1
1324 123 -1
1897 20 -1
5206 50 -1
1393 459 -1
4812 93 -1
5394 725 -1
1473 41 -1
979 198 -1
1529 655 -1
2318 738 -1
900 799 -1
298 832 -1
3044 3 -1
4805 195 -1
1831 682 -1
560 218 -1
2066 696 -1
5092 891 -1
2885 327 -1
67 537 -1
380 357 -1
4615 210 -1
4289 480 -1
3187 803 1
1252 682 -1
462 240 -1
2980 695 -1
146 833 -1
1130 773 -1
128 979 -1
220 193 -1
904 899 1
4111 453 -1
2967 953 -1
281 672 -1
4705 705 -1
4684 502 -1
970 704 -1
4521 82 -1
4214 209 -1
2681 549 -1
4647 618 -1
187 383 -1
1338 734 -1
3250 458 -1
1231 204 -1
155 733 -1
5312 183 -1
1457 822 -1
376 577 -1
546 907 -1
555 481 -1
2645 719 -1
800 315 -1
777 52 -1
244 98 -1
3699 485 -1
4861 748 -1
287 696 -1
4816 81 -1
5177 513 -1
3874 319 -1
1478 121 -1
5248 828 -1
3533 105 -1
4009 623 -1
1104 137 -1
1291 857 -1
1430 612 -1
4398 22 -1
774 942 -1
4109 875 -1
2098 313 -1
2755 607 -1
4017 865 -1
4588 205 -1
4142 54 1
1479 312 -1
283 71 -1
3817 378 -1
2563 60 1
3572 9 -1
4601 26 -1
2732 219 -1
5055 204 -1
1682 564 -1
1229 608 -1
5166 512 -1
181 204 -1
4825 286 -1
4156 867 -1
3369 931 -1
625 951 -1
3157 87 -1
2189 256 -1
3202 804 -1
1539 917 -1
4250 245 -1
3371 176 -1
3343 871 1
2241 717 -1
3583 562 -1
389 940 -1
617 491 -1
3233 67 -1
1845 369 -1
2959 401 -1
2748 130 -1
4768 216 -1
224 720 -1
1103 497 -1
4269 425 -1
2950 446 -1
5078 125 -1
2409 876 -1
1382 259 -1
1968 879 -1
3204 301 -1
4263 424 1
4948 712 -1
1419 114 -1
532 206 -1
781 346 -1
383 34 -1
3092 830 -1
352 408 -1
5266 278 -1
504 803 -1
3393 282 -1
3032 460 -1
2412 232 -1
4661 402 -1
1174 988 -1
2374 723 -1
3048 90 -1
3553 541 -1
4174 984 -1
1768 159 -1
3234 970 -1
4604 872 -1
879 305 -1
4916 653 -1
3647 34 -1
3059 974 -1
3310 548 -1
3281 776 -1
4077 95 -1
2843 245 -1
3278 205 -1
3894 733 -1
1387 22 -1
2942 186 -1
1904 30 -1
3018 949 -1
2146 639 -1
5275 939 -1
2076 964 -1
1669 434 -1
216 144 -1
5322 573 -1
2848 689 -1
151 825 -1
1206 480 -1
3903 65 -1
2301 247 -1
325 483 -1
3120 700 -1
2230 622 -1
2098 353 -1
3679 147 -1
5328 133 -1
201 445 -1
4199 545 -1
446 899 -1
4345 111 -1
2139 529 -1
2247 750 -1
2131 113 -1
895 105 -1
4968 682 -1
1780 968 -1
322 688 -1
2751 433 -1
1140 454 -1
65 525 -1
827 440 -1
5207 706 -1
2554 510 -1
729 112 -1
5379 598 -1
4429 490 -1
373 315 -1
1576 613 -1
954 621 -1
959 908 -1
3684 779 -1
1780 103 -1
437 437 -1
5299 126 -1
340 686 -1
1325 714 -1
2970 173 -1
4827 379 -1
2197 14 -1
2678 132 -1
5252 957 -1
1233 240 -1
5307 145 -1
3790 128 -1
2624 582 -1
744 773 -1
1546 418 -1
4799 781 -1
1468 552 -1
4810 679 -1
5231 91 -1
4969 154 1
1380 390 -1
3905 890 -1
2298 238 -1
4174 219 -1
2773 403 -1
4092 824 -1
2570 797 -1
4988 858 -1
375 891 -1
1644 113 -1
71 717 -1
2001 904 -1
2516 211 -1
4598 364 -1
4896 15 -1
3962 313 -1
1780 536 -1
3638 591 -1
4309 659 -1
760 716 -1
4135 1000 -1
3670 981 -1
1570 110 -1
786 492 -1
2200 688 -1
4620 840 -1
871 844 -1
1675 535 -1
858 941 -1
354 331 -1
4320 273 -1
4090 447 -1
4530 970 -1
867 177 -1
1287 917 -1
3078 716 -1
2166 968 -1
2319 991 -1
2708 305 -1
5175 445 -1
319 143 -1
3771 336 -1
2945 109 -1
1079 837 -1
5044 905 -1
990 502 -1
704 957 -1
454 636 -1
4353 439 -1
1498 492 -1
2185 508 -1
1490 613 -1
1713 215 -1
2917 894 -1
127 942 -1
2023 133 -1
5149 781 -1
587 241 -1
4511 366 -1
2958 406 -1
3913 538 -1
1440 61 -1
5314 316 -1
951 385 -1
2473 804 -1
4867 608 -1
1684 528 -1
3228 894 -1
2604 44 -1
2696 613 -1
3150 717 -1
1043 832 -1
18 614 -1
212 143 -1
2072 716 -1
1997 695 -1
814 22 -1
2539 118 -1
3783 445 -1
1131 999 -1
5242 570 -1
5216 803 -1
2489 125 -1
2377 998 -1
2980 916 -1
937 179 -1
5079 919 -1
1659 884 -1
1193 274 -1
2469 619 1
2176 223 -1
3889 123 -1
3777 408 -1
940 267 -1
4048 649 -1
4814 803 -1
2193 616 -1
4111 886 -1
4999 365 -1
3133 39 -1
1813 696 -1
4861 952 -1
2331 55 -1
3408 787 -1
363 162 -1
1921 476 -1
2399 132 -1
5209 969 -1
3727 628 -1
4448 389 -1
685 797 -1
15 478 -1
1567 290 -1
1861 93 -1
2807 466 -1
5118 596 -1
772 170 -1
4332 659 -1
1266 360 -1
1099 83 -1
3020 450 -1
3171 774 -1
3608 13 -1
2763 648 -1
4132 543 -1
3081 20 -1
2861 603 -1
121 379 -1
4555 43 -1
1510 275 -1
2974 158 -1
1447 607 1
2631 257 -1
929 445 -1
344 645 -1
711 221 -1
1865 907 -1
1142 708 -1
2759 194 -1
1172 302 -1
504 580 -1
519 483 -1
3609 733 -1
5287 663 -1
3100 165 -1
881 459 -1
5275 377 -1
3980 704 -1
1983 253 -1
2478 618 -1
3116 614 -1
3189 609 -1
338 636 -1
4893 583 -1
1249 707 -1
4459 122 -1
801 49 -1
2396 70 -1
4781 109 -1
1880 142 1
4978 822 -1
1615 801 -1
3496 838 -1
3973 938 -1
85 999 -1
5356 550 -1
4570 98 -1
5059 207 -1
2355 313 -1
178 450 -1
1531 221 -1
2078 732 -1
1001 244 -1
2213 135 -1
4938 710 -1
592 51 -1
1767 213 -1
1225 165 -1
3258 887 -1
2515 71 -1
1584 959 -1
1608 48 -1
903 456 -1
1564 334 -1
2561 856 -1
4675 366 -1
1592 177 -1
2828 263 -1
1647 782 -1
1217 147 -1
5250 681 -1
1465 108 -1
3706 900 -1
1304 393 -1
4904 966 -1
1552 323 -1
107 55 -1
1579 210 -1
4518 642 -1
4326 284 -1
2863 360 -1
620 515 -1
2977 664 -1
2738 622 -1
3649 435 -1
2668 219 -1
4377 948 -1
559 621 -1
664 872 -1
2981 206 -1
1835 891 -1
1136 732 -1
3823 640 -1
1734 409 -1
1060 559 -1
2617 758 -1
2700 598 -1
2457 926 -1
4695 602 -1
3989 9 -1
4282 738 -1
4764 846 -1
3008 989 -1
4260 185 -1
2906 891 -1
2006 34 -1
1189 494 -1
4223 77 -1
758 94 -1
1059 205 -1
2190 710 -1
910 223 -1
1357 123 -1
1953 782 -1
2937 89 -1
2688 577 -1
2292 205 -1
4796 553 -1
2220 363 -1
5048 333 -1
5132 881 -1
3402 177 1
4117 783 -1
4215 50 -1
1127 689 -1
3816 162 -1
1676 390 -1
5252 218 -1
2242 808 -1
3564 423 -1
184 336 -1
2161 919 -1
3220 770 -1
4952 411 -1
393 587 -1
4404 953 -1
4849 450 -1
2397 323 -1
861 965 -1
1614 470 -1
3251 695 -1
4536 603 -1
4364 491 -1
21 353 -1
543 660 -1
4772 606 -1
3638 305 -1
4134 613 -1
2427 485 -1
3733 846 -1
1728 338 -1
4512 331 -1
4792 3 -1
3463 999 -1
2413 782 -1
2568 189 -1
1281 102 -1
4890 925 -1
85 415 -1
1078 255 -1
2743 950 -1
5282 542 -1
5267 279 -1
37 928 -1
2791 827 -1
4973 513 -1
4352 156 -1
4108 579 -1
320 905 -1
1061 22 -1
875 727 -1
178 550 -1
782 597 -1
2126 42 -1
550 486 -1
1394 749 -1
2855 987 -1
5306 983 -1
733 308 -1
2584 286 -1
3077 630 -1
575 618 -1
92 590 -1
2129 215 -1
2829 875 -1
549 257 -1
1454 883 -1
1437 350 -1
2843 335 -1
1225 423 -1
2779 950 -1
161 294 -1
1709 55 -1
3548 95 -1
516 663 -1
3219 869 -1
3138 98 -1
367 189 -1
4206 189 -1
1583 738 -1
3800 996 -1
3148 489 -1
1467 64 -1
949 349 -1
555 356 -1
3654 230 -1
1033 358 -1
4027 94 -1
407 669 -1
5186 424 -1
2935 534 -1
972 479 -1
3330 887 -1
5216 399 -1
3900 190 -1
3404 513 -1
2898 735 -1
500 416 -1
2105 528 -1
1571 780 -1
2711 701 -1
2234 463 -1
1135 537 -1
1191 150 1
3852 862 -1
210 858 -1
209 306 -1
2255 795 -1
4995 425 -1
4676 880 -1
2335 696 -1
98 752 -1
974 918 -1
2136 589 -1
2144 744 -1
3716 305 -1
4633 929 -1
4458 960 1
3299 202 -1
3850 504 -1
3549 526 -1
1339 212 -1
5394 991 -1
287 342 1
2638 75 -1
2584 180 -1
2605 686 -1
3822 943 -1
1513 517 -1
2423 353 -1
3149 180 -1
394 360 -1
2314 317 -1
5098 996 -1
3534 638 -1
5350 954 -1
4655 365 -1
1987 260 -1
2806 881 -1
4873 544 -1
4221 973 -1
3098 328 -1
2785 366 -1
1222 730 -1
3243 359 -1
4000 233 -1
5321 840 -1
5328 477 -1
1282 503 1
3957 982 -1
1793 858 -1
4501 762 -1
484 313 -1
1723 389 -1
2013 444 -1
1691 914 -1
676 723 -1
2287 504 -1
386 254 -1
2235 947 -1
3758 145 -1
4640 60 -1
5026 690 -1
2222 407 -1
5226 484 -1
1107 670 -1
2333 246 -1
2306 91 -1
1931 266 -1
3203 631 -1
2855 596 -1
967 50 -1
2928 474 -1
2792 463 -1
2764 162 -1
1947 528 -1
2500 795 -1
2166 683 -1
4373 679 -1
4788 524 -1
4748 675 -1
2088 883 -1
3055 306 -1
1723 273 -1
2115 917 -1
1598 373 -1
4860 820 -1
1407 211 -1
1359 656 -1
4460 704 -1
2284 919 -1
3130 132 -1
5373 558 -1
1178 201 -1
2970 538 -1
1990 240 -1
4520 153 -1
5004 666 -1
2085 195 -1
2921 761 -1
5107 539 -1
690 783 -1
3221 915 -1
3116 203 -1
1907 26 -1
3688 756 -1
910 698 -1
1918 393 -1
909 821 -1
3942 976 -1
4344 12 -1
2697 999 -1
2457 178 -1
4001 552 -1
2486 9 -1
1712 137 -1
3289 169 -1
1905 325 -1
2575 933 -1
1098 363 -1
93 97 -1
4785 761 -1
4252 624 -1
4230 380 -1
469 960 -1
3498 945 -1
4822 339 -1
3055 839 -1
5220 230 -1
625 220 -1
1521 837 1
1649 204 -1
1795 276 -1
3876 113 -1
5103 986 -1
510 639 -1
2342 307 -1
3384 161 -1
2322 593 -1
2556 31 -1
442 149 -1
2339 67 -1
2768 881 -1
719 156 -1
4500 89 -1
1557 207 -1
691 917 -1
268 640 -1
4390 715 -1
1134 965 -1
492 352 -1
4198 831 -1
3992 289 -1
4156 311 -1
3859 290 -1
2621 589 -1
4486 77 -1
3029 321 -1
3196 178 -1
5394 615 -1
3683 581 -1
3436 789 -1
2783 409 -1
3198 360 -1
3176 968 -1
3305 313 -1
4058 301 -1
702 295 -1
2176 175 -1
1565 129 -1
1774 664 -1
5204 162 -1
2619 558 -1
4993 558 -1
3328 959 -1
5213 409 -1
129 307 1
4041 547 -1
4579 936 -1
4449 514 -1
313 336 1
613 396 -1
403 708 -1
1626 16 -1
2951 378 -1
465 187 -1
406 44 -1
1068 480 -1
1627 855 -1
1820 299 -1
1663 181 -1
2553 813 -1
4027 860 -1
3485 647 -1
3809 963 -1
704 994 -1
3005 543 -1
2804 632 1
3547 435 -1
1223 807 -1
2485 965 -1
4141 911 -1
4894 655 -1
3176 881 -1
1269 438 -1
1127 885 -1
1712 681 -1
1173 203 -1
2681 492 -1
4090 456 -1
1470 746 -1
2320 260 -1
173 800 -1
4417 884 -1
4502 397 -1
431 235 -1
4004 292 -1
1012 311 -1
5097 477 -1
5037 983 -1
4914 681 -1
2200 796 -1
5265 686 -1
613 59 -1
4899 25 -1
347 181 -1
724 506 -1
4283 619 -1
1544 579 -1
5319 565 -1
4233 574 -1
2014 714 -1
5191 331 -1
1988 888 1
4074 528 -1
5331 931 -1
4266 828 -1
4011 600 -1
1029 35 -1
3006 659 -1
4169 1 -1
1611 623 -1
124 21 -1
4707 18 -1
113 87 -1
4978 371 -1
2782 807 -1
3067 152 -1
1186 188 -1
4963 222 -1
2292 261 -1
2491 99 -1
4464 259 -1
5090 600 -1
656 547 -1
1787 858 -1
4870 282 -1
3983 745 -1
4812 497 -1
3309 53 -1
2354 861 -1
2476 682 -1
2929 585 -1
1260 51 -1
1154 951 -1
5392 672 -1
3522 276 -1
1685 470 -1
3260 222 -1
313 78 -1
553 273 -1
4329 224 -1
2711 523 -1
4834 443 -1
3393 844 -1
1890 18 -1
4618 345 -1
862 350 -1
3388 917 -1
4394 841 -1
2936 330 -1
3789 220 -1
4131 933 -1
723 309 -1
4586 192 -1
4937 260 -1
1792 528 -1
3142 482 -1
2200 625 -1
5142 959 -1
4715 873 -1
575 857 -1
4458 938 -1
684 257 -1
4666 153 -1
3540 10 -1
4204 860 -1
2169 841 -1
4639 257 -1
3700 550 -1
5097 687 -1
4980 295 -1
1663 217 -1
612 279 -1
826 38 -1
3558 304 1
2665 100 -1
927 618 -1
2768 648 -1
4222 144 -1
4913 967 -1
3530 370 -1
5319 678 -1
1475 389 -1
3845 377 -1
2677 486 -1
4571 609 -1
3160 532 -1
2596 327 -1
210 355 -1
4249 859 -1
3286 269 -1
1600 471 -1
3116 56 -1
3434 733 -1
342 618 1
1087 905 -1
548 3 -1
200 19 -1
5285 473 -1
5081 890 -1
3239 372 -1
2723 660 -1
2919 697 -1
3568 884 -1
1019 382 -1
5178 851 -1
2339 122 -1
2916 398 -1
539 647 -1
3892 659 -1
4465 899 -1
2786 830 -1
2892 601 -1
3689 354 -1
3767 920 -1
2237 321 -1
4993 445 -1
1110 756 -1
3776 634 -1
4003 933 -1
1909 37 -1
269 945 -1
5359 41 -1
1433 781 -1
542 385 -1
2641 370 -1
2596 694 -1
1558 373 -1
2987 587 -1
5365 442 -1
1504 807 -1
5040 219 -1
1956 775 -1
2632 962 -1
5321 379 -1
1502 322 -1
2262 940 -1
5279 691 -1
99 873 -1
330 884 1
429 82 -1
5281 981 -1
1975 911 -1
2897 221 -1
3695 607 -1
2729 814 -1
2002 174 -1
2776 326 -1
4980 854 -1
3035 680 -1
1243 780 -1
1961 94 -1
1246 312 1
4586 369 -1
3991 24 -1
1752 334 -1
2078 468 -1
4094 216 -1
3614 653 -1
2094 404 -1
1204 889 -1
5132 752 1
1109 145 -1
3175 540 -1
4120 50 -1
3604 835 1
4660 875 -1
5286 531 -1
1246 266 -1
1107 559 -1
3424 785 -1
2873 891 -1
712 177 -1
5329 208 -1
3544 174 -1
639 429 -1
520 874 -1
3898 827 -1
2835 361 -1
4437 976 -1
2022 662 -1
5058 467 -1
4467 313 -1
3161 304 -1
2392 734 -1
915 534 -1
542 356 -1
4603 870 -1
5367 539 -1
1048 329 -1
4969 824 -1
2981 513 -1
1487 318 -1
3874 2 -1
3445 85 -1
853 904 -1
1013 973 -1
4773 347 -1
1595 367 -1
435 470 -1
3580 474 -1
2582 118 -1
400 420 -1
2218 808 -1
569 194 -1
2549 421 -1
665 575 -1
5039 606 -1
3468 602 -1
4326 697 -1
506 226 -1
3387 704 -1
4083 499 -1
1580 928 -1
4449 665 -1
4240 192 -1
947 457 -1
4799 521 -1
416 57 -1
5291 540 -1
5166 518 -1
2450 967 -1
4141 453 -1
315 338 -1
4038 418 -1
1955 739 -1
4134 821 -1
4898 979 -1
4122 401 -1
376 760 -1
1949 919 -1
5120 644 -1
1953 740 -1
2885 707 -1
1763 393 -1
2288 878 -1
3851 682 -1
810 655 -1
499 761 -1
1943 909 -1
4438 702 -1
3634 263 -1
719 36 -1
2921 593 -1
2543 704 -1
1032 903 -1
1184 273 -1
3893 261 -1
1639 506 -1
2976 220 -1
1718 983 -1
1884 335 -1
477 752 -1
5081 676 -1
4479 319 -1
2316 809 -1
1938 278 -1
1927 346 -1
2069 192 -1
2279 121 -1
2285 682 -1
953 345 -1
1643 461 -1
13 393 -1
4335 279 -1
1581 782 -1
4311 591 -1
4433 922 -1
4251 487 -1
1621 442 -1
4693 314 -1
970 743 -1
3039 189 -1
572 688 -1
4787 558 1
2225 819 -1
4850 128 -1
205 99 -1
539 974 -1
406 979 -1
4137 467 -1
1028 566 -1
4468 722 -1
4348 35 -1
3217 570 -1
3327 159 -1
4630 81 -1
1151 140 -1
640 826 -1
5204 15 -1
2114 730 -1
2626 725 -1
3742 531 -1
208 360 -1
3883 741 -1
1196 282 -1
3389 243 -1
2787 674 -1
1436 512 -1
4263 582 -1
179 64 -1
4169 461 -1
4719 741 -1
5324 385 -1
704 580 -1
4083 684 -1
1834 912 -1
961 624 -1
1795 49 -1
2769 264 -1
1121 292 -1
661 925 -1
3390 614 -1
1737 943 -1
3688 971 -1
1844 647 -1
976 156 -1
3429 311 -1
1478 166 -1
873 692 -1
4238 515 -1
3530 189 -1
782 217 -1
77 430 -1
3065 230 -1
4410 225 -1
1714 268 -1
1156 338 -1
277 41 -1
1895 15 -1
2512 295 -1
2811 207 -1
4853 827 -1
5166 222 -1
4454 279 -1
2243 451 -1
4932 698 -1
2353 239 -1
5042 292 -1
5324 867 -1
2965 128 -1
3993 798 1
1691 747 -1
3853 106 -1
3304 531 -1
1176 302 -1
1213 248 -1
613 244 -1
1741 754 -1
1192 407 -1
3496 233 -1
3797 458 -1
2073 767 -1
3168 174 -1
2789 886 -1
2566 875 -1
2834 166 -1
558 637 -1
418 604 -1
241 950 -1
4189 494 -1
2 680 -1
2963 635 -1
2757 335 -1
175 836 -1
5147 515 -1
2059 77 -1
1373 8 -1
2113 393 -1
243 392 -1
305 652 -1
1119 707 -1
3910 42 -1
1003 48 -1
4779 218 -1
4501 958 -1
2656 115 -1
3819 585 -1
2267 239 -1
726 753 -1
3277 116 -1
5131 154 -1
5277 111 -1
2011 551 -1
2821 193 -1
4928 329 -1
2763 393 -1
1427 370 -1
1532 901 -1
1442 616 -1
4436 335 -1
679 807 -1
3163 274 -1
110 669 -1
939 474 -1
2563 182 -1
2187 604 -1
4826 261 -1
4943 315 1
2400 548 -1
2891 410 -1
4232 562 -1
3985 908 1
4819 208 -1
2384 143 -1
1186 190 -1
4563 684 -1
1539 328 -1
2071 22 -1
231 433 -1
924 346 -1
134 41 -1
5348 286 -1
2107 706 -1
2809 219 -1
3102 176 -1
4896 938 -1
5358 781 -1
2987 827 -1
3373 527 -1
4567 321 -1
5195 617 -1
937 440 -1
4499 764 1
748 710 -1
577 318 -1
2820 497 -1
2027 959 -1
3383 812 -1
3868 223 -1
5203 447 -1
2937 551 -1
2015 825 -1
4509 914 -1
1202 700 -1
175 819 -1
4470 51 -1
2251 331 -1
317 309 -1
4445 174 -1
3674 554 -1
3182 79 -1
1527 190 -1
4446 59 -1
714 45 -1
90 223 -1
2798 15 -1
5115 442 -1
2894 934 -1
1238 166 -1
2148 205 -1
1713 468 -1
383 571 -1
1795 355 -1
4472 44 -1
936 53 -1
3724 607 -1
3872 356 -1
2960 126 -1
3250 580 -1
554 220 -1
3817 48 -1
4646 969 -1
5052 264 -1
1737 512 -1
1834 228 -1
846 165 -1
1405 372 -1
1931 444 -1
343 673 -1
2706 539 -1
1992 888 -1
2437 48 -1
2499 152 -1
2956 727 -1
789 417 -1
698 200 -1
1084 883 -1
1517 25 -1
2261 669 -1
4403 140 -1
4959 590 -1
5295 767 -1
126 354 -1
4504 523 -1
2316 930 -1
2073 397 -1
4205 776 -1
3626 946 -1
1292 903 -1
1397 181 -1
2075 239 -1
2968 555 -1
4653 364 -1
3605 189 -1
4777 869 -1
5333 238 -1
3583 535 -1
4480 279 -1
2162 684 -1
1965 250 -1
995 750 -1
3729 320 1
354 309 -1
2085 62 -1
3312 922 -1
4578 819 -1
4745 822 -1
1982 908 -1
2971 316 -1
135 132 -1
4053 65 -1
817 907 -1
685 967 -1
374 48 -1
3455 394 -1
3960 897 -1
744 636 1
1319 712 -1
2745 995 -1
978 767 -1
4932 562 -1
4533 969 -1
1674 589 -1
2515 911 -1
2091 620 -1
5047 314 -1
4058 940 -1
3013 273 -1
3640 26 -1
2574 515 -1
4363 904 -1
245 374 -1
988 129 -1
2197 503 -1
3657 88 -1
3325 534 -1
36 508 -1
5123 683 -1
5148 885 -1
4713 92 -1
4232 44 -1
4025 382 -1
4367 734 -1
2884 202 -1
566 691 -1
302 314 -1
4229 276 -1
5193 678 -1
972 992 -1
1208 898 -1
52 912 -1
4348 442 -1
3950 194 -1
1458 224 -1
741 437 -1
1109 804 -1
3610 415 -1
4682 385 -1
2718 769 -1
3792 421 -1
5270 859 -1
4083 422 -1
3920 681 -1
3191 95 -1
1210 407 -1
783 264 -1
2805 610 -1
1859 788 -1
613 268 -1
3439 596 -1
5168 741 -1
1676 775 -1
1536 204 -1
4722 991 -1
5139 964 -1
4523 363 -1
918 670 -1
4575 149 -1
4301 815 -1
637 634 -1
4592 138 -1
3060 917 -1
3581 183 -1
651 543 -1
815 970 1
3047 293 -1
2033 588 -1
4763 670 -1
647 288 -1
4196 431 -1
1959 181 -1
2390 383 -1
4487 695 -1
174 223 -1
2611 906 -1
4696 422 -1
1571 562 -1
419 385 -1
3339 593 -1
4445 398 -1
1177 102 -1
3984 427 -1
93 585 -1
3025 480 -1
2076 562 -1
1859 816 -1
1956 537 -1
312 150 -1
104 28 -1
4406 614 -1
5109 601 -1
2973 615 -1
5336 330 -1
183 957 -1
5079 316 -1
4865 863 -1
5362 586 -1
2269 162 -1
2988 823 -1
2445 471 -1
44 921 -1
387 572 -1
1787 421 -1
567 391 -1
4548 968 -1
1883 861 -1
2689 233 -1
653 603 -1
1176 480 -1
4987 22 -1
1599 688 -1
363 189 -1
5300 774 -1
5096 190 -1
2429 626 -1
3432 813 -1
621 293 -1
1532 822 -1
3922 692 -1
1138 416 -1
3978 102 -1
2687 688 -1
3093 435 -1
1198 895 -1
3093 323 1
1182 754 -1
5381 176 -1
37 915 -1
3172 581 -1
532 489 -1
1344 797 -1
3504 106 -1
2348 56 -1
1092 709 -1
870 447 -1
4074 500 -1
5220 81 1
1187 625 -1
4247 818 -1
1987 639 -1
1340 174 -1
4551 300 -1
256 110 -1
3940 947 -1
4905 862 -1
5337 837 -1
1328 501 -1
2297 389 -1
2062 30 -1
3456 192 -1
403 720 -1
4076 373 -1
411 602 -1
69 324 -1
497 398 -1
3257 834 -1
3205 551 -1
2175 304 -1
3837 561 -1
3713 461 -1
5300 429 -1
440 747 1
3271 148 -1
2726 379 -1
1396 61 -1
981 870 -1
4200 16 -1
2098 644 -1
1099 304 -1
3785 818 -1
2007 701 -1
4996 362 -1
4867 287 -1
4624 457 -1
4593 58 -1
4141 587 -1
1977 783 -1
4818 122 -1
3090 451 -1
2351 769 -1
2167 555 -1
1710 990 -1
3779 843 -1
411 169 -1
3197 864 -1
1540 899 -1
1557 966 -1
4139 862 -1
931 810 -1
1847 685 -1
4726 382 -1
2564 359 -1
2474 947 -1
3790 414 -1
4093 419 -1
3695 475 -1
4509 186 -1
334 20 -1
4345 918 -1
1652 499 -1
335 302 -1
4631 296 -1
4491 735 -1
5036 468 -1
3652 675 -1
5221 526 -1
1716 70 -1
3780 685 -1
3342 994 -1
4719 938 -1
369 540 -1
4955 310 -1
224 52 -1
2412 607 -1
775 774 1
1162 921 -1
3841 843 -1
2788 479 -1
80 809 -1
174 255 -1
4382 249 -1
4346 620 -1
2276 82 -1
1252 263 -1
3380 249 -1
502 253 -1
1621 821 -1
2010 908 -1
3216 570 -1
707 368 -1
1532 401 -1
2797 16 -1
197 43 -1
2178 217 -1
5376 611 -1
4310 457 -1
2572 153 -1
5181 499 -1
3391 748 -1
1442 263 -1
3446 670 -1
4257 230 -1
405 53 1
5321 574 1
564 187 -1
1556 247 -1
142 271 -1
1274 946 -1
4253 702 -1
992 39 -1
4885 463 -1
2417 336 -1
4216 805 -1
5007 58 -1
1230 676 -1
4169 324 -1
2512 284 -1
546 493 -1
1638 630 -1
875 966 -1
271 355 -1
5222 229 -1
4076 172 -1
4963 774 -1
707 496 -1
540 919 -1
4802 233 -1
1315 698 -1
4847 432 -1
3273 492 -1
738 624 -1
569 849 -1
5058 986 -1
3783 592 -1
1000 358 -1
310 616 -1
4756 191 -1
4671 421 -1
973 614 -1
3736 996 1
589 783 -1
3939 899 -1
4298 501 -1
524 441 -1
3702 569 -1
127 765 -1
4003 11 -1
1908 635 -1
1751 170 -1
3258 387 -1
49 27 -1
3332 245 -1
120 231 -1
2380 540 -1
5117 386 -1
1086 303 -1
1068 289 -1
2590 276 -1
5043 567 -1
1637 12 -1
5059 183 -1
80 441 -1
342 315 -1
3524 721 -1
3425 392 -1
1443 691 -1
3320 760 -1
1832 842 -1
1613 936 -1
3001 134 -1
842 834 -1
1102 170 1
2040 265 -1
1062 732 -1
5071 555 -1
151 268 -1
2594 270 -1
616 443 -1
2357 729 -1
868 674 -1
2093 136 -1
2824 86 -1
1786 446 -1
2239 515 -1
2063 942 -1
2921 615 -1
2259 287 -1
4512 944 -1
2294 655 -1
1355 424 -1
2411 608 -1
420 74 -1
1207 580 -1
827 301 -1
1370 17 -1
4043 789 -1
4286 327 -1
2432 235 1
895 606 -1
1934 875 1
311 578 -1
2577 258 -1
1425 669 -1
2498 966 -1
4429 930 -1
4484 933 -1
3909 772 -1
3013 775 -1
5360 828 -1
1748 412 -1
4930 926 -1
1827 523 -1
585 50 -1
479 367 -1
85 354 -1
1985 626 -1
4399 838 -1
5069 932 -1
71 529 -1
3493 123 -1
2336 417 -1
3009 6 -1
1283 809 -1
2935 797 -1
3975 388 -1
683 64 -1
1101 802 -1
2383 734 -1
3407 686 -1
3625 220 -1
732 17 -1
4483 207 -1
4675 588 -1
974 802 -1
877 893 -1
2840 479 -1
2067 359 -1
2983 754 -1
1091 860 -1
3165 533 -1
256 325 -1
1523 534 -1
528 874 -1
2127 109 -1
631 87 -1
1528 763 -1
2153 463 -1
3659 212 -1
2026 442 1
4453 652 -1
1803 7 -1
5174 324 -1
365 16 -1
2114 263 -1
148 441 -1
2425 425 -1
2591 500 -1
3603 286 -1
243 676 -1
4871 446 -1
5367 28 -1
2217 435 -1
762 45 -1
2082 521 -1
3454 244 -1
2466 67 -1
1916 540 -1
651 504 -1
3477 172 -1
3925 890 -1
3414 114 -1
4658 549 -1
2495 478 -1
2568 300 -1
3483 893 -1
3010 689 -1
3729 879 -1
2717 267 -1
3899 425 -1
5228 478 -1
1948 942 -1
5194 542 -1
1381 91 -1
2773 947 -1
4821 607 -1
936 511 -1
4867 885 -1
3504 176 -1
4687 46 -1
3675 323 -1
4775 469 -1
4194 581 -1
3277 667 -1
408 704 -1
4994 585 -1
691 72 -1
1910 665 -1
495 980 -1
943 708 -1
2949 453 -1
4544 330 -1
4022 473 -1
2593 82 -1
4164 713 -1
1561 317 -1
3542 170 1
1795 447 -1
2293 317 -1
3255 582 -1
1518 737 -1
2705 464 -1
2520 558 -1
993 983 -1
747 252 -1
3584 455 -1
4409 265 -1
1900 489 -1
5260 63 -1
1874 899 -1
2223 250 -1
176 375 -1
1587 428 -1
2812 514 -1
2510 301 -1
209 61 -1
4376 97 -1
5232 895 -1
373 598 -1
4065 82 -1
1179 999 -1
1213 345 -1
1639 96 -1
2886 736 -1
65 64 -1
4225 245 -1
334 245 -1
2529 368 -1
4334 997 -1
739 77 -1
3779 426 -1
2364 850 -1
1683 655 -1
2501 368 -1
2990 323 -1
4076 420 -1
2420 373 -1
4751 709 -1
1635 278 -1
3066 732 -1
4841 382 -1
5218 324 1
298 893 -1
4666 949 -1
528 300 -1
5295 464 -1
3998 392 -1
2061 169 -1
4317 394 -1
4539 105 -1
5194 378 -1
2209 536 -1
282 126 -1
1492 866 -1
393 781 -1
912 607 -1
4189 599 -1
152 89 -1
3091 174 -1
4209 688 -1
504 347 -1
4581 877 -1
488 826 -1
5299 310 -1
5141 617 -1
1131 654 -1
658 867 -1
1021 472 -1
3013 428 -1
356 438 -1
2701 942 -1
3559 171 -1
798 550 -1
4785 212 -1
3835 149 -1
3788 744 -1
1492 346 -1
4360 16 -1
2798 162 -1
3311 909 -1
4780 291 -1
1894 636 -1
3254 740 -1
3332 102 -1
2190 106 -1
1066 877 -1
3245 868 -1
3590 599 -1
2263 884 -1
2888 969 -1
3046 192 -1
737 910 -1
3366 324 -1
5009 654 -1
331 720 -1
1803 685 -1
4182 179 -1
986 823 -1
3335 21 -1
2150 159 -1
4260 583 -1
1460 382 -1
2160 289 -1
573 465 -1
4164 67 -1
2465 568 -1
2904 938 -1
2855 575 -1
1352 583 -1
2999 690 -1
3044 74 -1
2222 4 -1
2641 668 -1
4482 139 -1
1520 557 -1
1701 327 -1
3308 44 -1
3394 380 -1
4112 60 -1
4541 129 -1
647 942 -1
1290 923 -1
2515 472 -1
5087 926 -1
2297 111 -1
3221 389 -1
4793 87 -1
2046 564 -1
5394 957 -1
4487 273 -1
1430 265 -1
3229 326 -1
812 139 -1
881 17 -1
2145 787 -1
4428 232 -1
797 955 -1
350 793 -1
1594 943 -1
3174 568 -1
3111 528 -1
3349 270 -1
788 307 -1
158 459 -1
2994 244 -1
2936 437 -1
5030 968 -1
2834 246 -1
1277 9 -1
5033 697 -1
4506 174 -1
1134 105 -1
509 403 -1
2249 29 -1
288 890 -1
3341 500 -1
2061 579 -1
5134 679 -1
1234 200 -1
5022 794 -1
2496 311 -1
5273 71 -1
2435 686 -1
3444 329 -1
344 239 -1
1058 287 -1
2008 988 -1
705 320 -1
4774 406 -1
1140 550 -1
415 453 -1
2030 18 -1
2765 44 -1
5116 100 -1
3799 277 -1
4131 144 -1
5128 120 -1
3458 868 -1
601 552 -1
5029 319 -1
5113 276 -1
5234 801 -1
36 620 -1
240 95 1
2264 343 -1
3124 294 -1
1859 154 -1
1488 894 -1
1863 480 -1
732 584 -1
2339 542 -1
1780 54 -1
1700 668 -1
3777 921 -1
1151 814 -1
666 174 -1
1574 616 -1
3850 184 -1
2821 828 -1
334 323 -1
2417 916 -1
4763 747 -1
433 555 -1
3891 484 -1
23 848 -1
4034 959 -1
2933 399 -1
4547 754 -1
1011 68 -1
5192 351 -1
2883 947 -1
3643 349 -1
390 502 -1
2695 685 -1
1912 362 -1
3282 798 -1
2780 769 -1
2190 25 -1
1331 792 -1
1746 197 -1
2947 544 -1
2887 324 -1
954 999 -1
4033 38 -1
4658 896 -1
576 378 -1
2535 134 -1
2050 81 -1
377 535 -1
1299 388 -1
3647 845 -1
4987 722 -1
3982 861 -1
5049 507 -1
5115 697 -1
1744 630 -1
2657 195 -1
2894 113 -1
5047 276 -1
5246 989 1
2689 253 -1
719 631 -1
5036 876 -1
2631 598 -1
2912 683 -1
1752 89 -1
5311 328 -1
2278 292 1
4611 493 -1
2983 427 -1
823 223 -1
1409 27 -1
908 259 -1
3125 519 -1
4235 537 -1
3458 240 -1
509 53 -1
4237 654 -1
30 326 -1
4992 374 -1
1689 670 -1
1139 701 -1
3228 477 -1
648 283 -1
812 775 -1
1680 807 -1
3259 970 -1
3461 900 -1
2196 740 -1
795 325 -1
3385 111 -1
4384 626 -1
4482 293 -1
3347 123 -1
1414 477 -1
2388 949 -1
421 602 -1
2115 569 -1
3076 93 -1
62 22 -1
1628 690 -1
1168 354 -1
2884 8 -1
1849 116 -1
5061 869 -1
1547 664 -1
214 796 -1
5389 809 -1
1734 53 -1
3781 354 -1
3921 527 -1
3950 355 -1
412 947 -1
4046 866 -1
5029 701 -1
823 423 -1
2533 176 -1
1899 940 -1
336 21 -1
2948 556 -1
1253 20 -1
4953 20 -1
2159 863 -1
3761 912 -1
3341 519 -1
4860 98 -1
4057 283 -1
5133 490 -1
1904 658 -1
127 903 -1
1503 793 -1
2197 306 -1
5142 310 -1
2145 328 -1
2365 913 -1
383 744 -1
279 452 -1
26 562 -1
4734 423 -1
4168 174 -1
2093 892 -1
734 282 -1
1815 64 -1
3376 845 -1
1821 384 -1
2623 598 -1
1474 234 -1
4534 963 -1
4294 756 -1
626 221 -1
1798 716 -1
4787 598 1
5131 78 -1
2052 867 -1
1461 524 -1
3613 543 -1
852 317 -1
177 79 -1
5136 745 -1
3897 496 -1
5090 573 -1
1679 339 -1
4280 677 -1
2485 799 -1
3523 194 -1
5380 976 -1
1330 852 -1
4794 832 -1
5340 504 -1
3492 362 -1
1412 342 -1
1057 585 -1
4888 720 -1
4166 313 -1
4536 337 -1
2282 202 -1
1678 812 -1
1359 729 -1
5104 724 -1
432 601 1
1586 520 -1
28 297 -1
1678 175 -1
3503 914 -1
2904 101 -1
4329 66 -1
2632 631 -1
2322 995 -1
722 612 -1
4638 103 -1
999 579 -1
2695 686 -1
2172 455 -1
3600 68 -1
3237 966 -1
4205 31 -1
3037 108 -1
244 20 -1
4988 563 -1
4237 291 -1
3497 788 -1
5137 326 -1
3934 266 -1
4189 772 1
4640 636 1
231 892 -1
620 203 -1
5021 599 -1
3042 884 -1
3626 20 -1
48 279 -1
2528 459 -1
95 107 -1
3935 430 -1
3959 736 -1
1644 669 -1
1276 203 -1
