805 565 -1
3921 841 -1
2521 457 -1
1535 500 -1
5351 677 -1
1768 40 1
4463 184 -1
3836 35 -1
4484 320 -1
2396 371 -1
4087 121 -1
3734 616 -1
2228 549 -1
998 134 -1
2387 424 -1
372 265 -1
4487 826 -1
1563 108 -1
3146 449 -1
2208 202 -1
1403 174 -1
2888 250 -1
4351 704 -1
4719 993 -1
4192 683 -1
2312 22 -1
1143 327 -1
2037 157 -1
2114 968 -1
2382 339 -1
5110 213 -1
3245 592 -1
3429 674 -1
2636 405 -1
3975 388 -1
573 408 -1
546 801 -1
4651 144 -1
1117 800 -1
1814 884 -1
1600 471 -1
1838 209 -1
532 86 -1
4007 343 -1
3681 494 -1
2203 406 -1
125 581 -1
4262 967 -1
1345 938 -1
4526 185 -1
2734 501 -1
4106 905 -1
5129 31 -1
2090 577 -1
3140 896 -1
2457 621 -1
3312 850 -1
253 890 -1
4079 767 -1
3070 826 -1
5384 324 -1
105 391 -1
1817 179 -1
4435 994 -1
2921 615 -1
1062 216 -1
458 526 -1
1534 784 -1
2934 167 -1
3240 478 -1
2557 674 -1
3374 160 -1
4951 955 -1
947 195 -1
2931 10 -1
4726 789 -1
2238 98 -1
1857 879 -1
2136 589 -1
30 287 -1
1403 843 -1
59 741 -1
667 940 -1
2397 323 -1
3044 74 -1
4409 176 -1
2256 244 -1
2747 680 -1
1052 763 -1
2084 102 -1
364 295 -1
1830 621 -1
651 109 -1
377 167 -1
3064 927 -1
2480 584 -1
3766 881 -1
2535 329 -1
2736 453 -1
2775 442 -1
3687 292 -1
3860 435 -1
5251 868 -1
5302 126 -1
2123 650 -1
998 592 -1
4821 941 -1
1391 744 -1
3250 279 -1
125 431 -1
3355 44 -1
670 208 -1
1276 660 -1
668 205 -1
1749 764 -1
1284 188 -1
156 688 -1
2572 689 -1
2510 391 -1
3107 346 -1
1067 913 -1
2050 277 -1
2978 303 -1
4861 692 -1
5115 697 -1
5380 793 -1
4747 430 -1
5298 93 -1
869 248 -1
845 221 -1
516 155 -1
1616 319 -1
1703 727 -1
2000 254 -1
5011 422 -1
966 404 -1
4678 137 -1
1569 4 -1
4376 190 -1
887 697 -1
4773 241 -1
516 663 -1
1273 964 -1
2335 650 -1
5182 208 -1
4490 235 -1
877 893 -1
3389 956 -1
2024 443 -1
1921 476 -1
4655 207 -1
4420 53 -1
3381 379 -1
5320 772 -1
154 373 -1
1013 561 -1
4899 8 -1
1155 494 -1
4862 801 -1
2091 620 -1
762 255 -1
1366 543 -1
2951 284 -1
4252 425 -1
4561 868 -1
434 265 -1
1902 472 -1
3499 816 -1
4473 404 -1
1759 530 -1
3261 282 -1
3459 238 -1
3483 893 -1
3277 636 -1
936 547 -1
3881 149 -1
5 729 -1
316 126 -1
4139 527 -1
4583 64 -1
270 554 -1
397 148 -1
2243 451 -1
2276 242 -1
4670 686 -1
1922 200 -1
1010 70 -1
487 208 -1
3090 558 -1
4412 755 -1
2661 923 -1
2842 396 -1
2083 770 -1
3994 278 -1
4075 105 -1
501 927 -1
4639 21 -1
5193 169 -1
2365 767 -1
3625 3 -1
1118 881 -1
3812 999 -1
552 181 -1
5000 785 -1
64 913 -1
2760 135 -1
3439 646 -1
3310 21 -1
2615 568 -1
3927 374 -1
191 472 -1
3951 325 -1
2801 467 -1
4140 550 -1
3643 493 -1
1746 604 -1
2588 685 -1
4909 183 -1
2742 707 -1
3477 293 -1
2838 999 -1
3688 494 -1
1477 382 -1
2065 551 -1
604 865 1
419 874 -1
3302 392 -1
2345 632 -1
2026 349 -1
3340 267 -1
1074 373 -1
4146 159 -1
5223 423 -1
1862 297 -1
660 7 -1
3438 16 -1
3714 129 -1
4660 648 -1
1635 250 -1
1814 160 -1
4735 743 -1
70 433 -1
5011 340 -1
4758 859 -1
3828 135 -1
3581 308 -1
2315 160 -1
1919 128 -1
5030 512 -1
1097 973 -1
1984 269 -1
3050 874 -1
1382 586 -1
2108 993 -1
4757 302 -1
4850 128 -1
982 983 -1
2638 467 -1
4822 638 -1
526 403 -1
666 598 -1
3935 416 -1
961 136 -1
1712 137 -1
3155 877 -1
115 95 -1
430 334 -1
5075 897 -1
5256 832 -1
2655 344 -1
4808 351 -1
3365 113 -1
2030 440 -1
3556 346 -1
5324 498 -1
2808 6 -1
218 99 -1
1553 519 -1
4897 597 -1
147 37 -1
2117 76 -1
1825 780 -1
5010 886 -1
1015 9 -1
2472 584 1
1295 91 -1
1392 502 -1
482 877 -1
1429 29 -1
5282 542 -1
443 811 -1
528 908 -1
64 626 -1
2617 211 -1
4187 497 -1
1545 643 -1
2473 696 -1
3889 699 -1
4067 966 -1
2892 298 -1
3812 49 -1
3054 733 -1
1732 671 -1
2462 932 -1
1478 926 -1
3761 974 -1
3371 632 -1
3445 923 -1
2971 505 -1
3901 687 -1
1467 64 -1
3852 368 -1
4502 361 -1
4845 863 -1
528 300 -1
3528 934 -1
3863 292 -1
2503 156 -1
516 219 1
2234 449 -1
1856 612 -1
4321 394 -1
136 754 -1
469 960 -1
152 118 -1
3368 871 -1
3043 592 -1
4169 461 -1
5284 932 -1
3855 840 -1
2820 171 -1
1659 895 -1
2506 886 -1
2504 657 -1
2869 240 -1
3844 84 -1
188 738 -1
4077 241 -1
1055 540 -1
1260 961 -1
5328 221 -1
3963 82 1
1063 223 -1
4501 601 -1
1185 929 -1
469 809 -1
4760 383 -1
2519 835 -1
1367 383 -1
858 976 -1
4712 739 -1
1830 693 -1
3701 936 -1
2850 845 -1
4253 798 -1
1185 761 -1
139 474 -1
2028 123 -1
3555 42 -1
2485 389 -1
2366 933 -1
1060 99 -1
3437 81 -1
1410 790 -1
1017 171 -1
513 41 -1
1681 685 -1
5259 344 -1
4865 435 -1
2803 46 -1
3101 508 -1
1402 151 -1
2984 161 -1
2344 369 -1
1440 286 -1
4424 508 -1
478 538 1
1446 518 -1
526 203 -1
1242 12 1
5083 627 -1
3401 275 -1
1104 349 -1
4552 441 -1
838 844 -1
2792 463 -1
5057 459 -1
3730 537 -1
2453 639 -1
3777 531 -1
2205 117 -1
159 372 -1
67 867 -1
3226 498 -1
4218 154 -1
3439 936 -1
2192 534 -1
4832 292 -1
2655 193 -1
2463 544 -1
1701 631 -1
2095 112 -1
1756 583 -1
841 723 -1
1440 955 -1
3362 684 -1
3570 839 -1
1080 812 -1
507 516 -1
1164 882 -1
1666 801 -1
4853 305 -1
3603 286 -1
3152 430 -1
1498 553 -1
2874 207 -1
3466 835 -1
1377 321 -1
1307 409 -1
4857 14 -1
3194 230 -1
1037 997 -1
1894 340 -1
4320 609 -1
1984 578 -1
969 870 -1
2225 8 -1
893 260 -1
1656 294 -1
215 84 -1
2306 644 -1
1627 549 -1
4824 795 -1
5135 962 1
1569 361 -1
2193 541 -1
3967 91 -1
3718 493 -1
4362 232 -1
3207 17 -1
5260 555 -1
759 204 -1
2151 1 -1
1302 432 -1
937 440 -1
3959 544 -1
1438 726 -1
5339 556 -1
3182 79 -1
1260 274 -1
1412 372 -1
118 695 -1
1768 278 -1
4621 110 -1
2101 438 -1
134 869 -1
433 555 -1
4836 375 -1
4532 164 -1
3912 218 -1
289 578 -1
1319 480 -1
2322 488 -1
3718 633 -1
2078 698 -1
1054 224 -1
4878 646 -1
2661 483 -1
1580 634 -1
3319 210 -1
4395 215 1
5030 427 -1
103 120 -1
4661 745 -1
34 64 -1
5160 878 -1
1670 745 -1
745 464 -1
2454 210 -1
1576 786 -1
3465 337 -1
3758 122 -1
1729 912 -1
3957 374 -1
3536 323 -1
468 179 -1
4419 257 -1
666 819 -1
145 521 -1
2518 672 -1
1794 205 -1
3049 581 -1
1888 74 -1
2986 446 -1
827 618 -1
4249 575 -1
336 494 -1
2478 667 -1
1023 81 -1
5182 413 -1
2609 196 -1
1533 106 -1
2981 394 -1
2106 266 -1
3242 389 -1
3813 128 -1
1313 112 -1
4898 104 -1
143 290 -1
336 827 -1
1006 367 -1
8 783 -1
3648 743 -1
2206 825 -1
4565 142 -1
1662 801 -1
3557 693 -1
3072 141 -1
899 927 -1
49 27 -1
3895 665 -1
4228 680 -1
99 600 -1
4880 893 -1
4005 914 -1
2559 421 -1
3611 711 -1
5020 147 -1
4489 76 -1
5378 480 -1
926 235 -1
5119 806 -1
2657 67 -1
2988 598 -1
960 402 1
639 428 -1
4040 479 -1
4128 302 -1
1673 708 -1
972 39 -1
1169 380 -1
1997 561 -1
385 199 -1
4319 714 -1
1531 484 -1
1887 686 -1
1914 484 -1
851 154 -1
3566 291 -1
4216 196 -1
2647 374 -1
1745 30 -1
4319 190 -1
5279 210 -1
133 420 -1
4276 166 -1
4563 155 -1
3341 226 -1
1878 588 -1
368 656 -1
3337 51 1
4871 483 -1
1090 73 -1
650 231 -1
4793 544 -1
408 102 -1
3830 603 -1
601 594 -1
1909 444 -1
4374 195 -1
4516 754 -1
2152 804 -1
3578 884 -1
2982 534 -1
411 61 -1
3885 466 -1
1186 644 -1
4643 981 -1
5048 95 -1
5398 386 -1
713 948 -1
4034 176 -1
4248 138 -1
3799 54 -1
3948 428 -1
659 36 -1
3705 281 -1
3277 116 -1
1557 518 -1
866 310 -1
459 84 -1
4921 795 -1
4994 175 -1
1451 17 -1
1239 633 1
479 787 -1
4334 560 -1
2564 566 -1
3568 843 -1
3951 825 -1
881 17 -1
2659 905 -1
2038 773 -1
2031 466 -1
3728 20 -1
1955 601 -1
2551 596 -1
698 917 -1
4354 838 -1
2601 111 -1
497 651 -1
2584 770 -1
2114 136 -1
3944 314 -1
1100 234 -1
3958 302 -1
1559 918 -1
1440 26 -1
1343 778 -1
3641 632 -1
1183 666 -1
4807 443 -1
2020 840 -1
5041 65 -1
1859 154 -1
2622 407 -1
5118 208 -1
951 910 -1
3508 701 -1
2447 622 -1
598 328 -1
2221 398 -1
5283 445 -1
3045 440 -1
1166 512 -1
2149 537 -1
3821 36 -1
2572 691 -1
2006 95 -1
1854 127 -1
2918 833 -1
3467 211 -1
3224 738 -1
2752 21 -1
2694 176 -1
1737 121 1
4349 819 -1
2928 474 -1
3121 80 -1
5179 966 -1
1475 788 -1
2643 462 -1
2426 917 -1
4682 221 -1
1759 835 -1
2903 59 -1
4248 492 -1
2751 123 -1
455 718 -1
2310 388 -1
1784 945 -1
4177 214 -1
4701 97 -1
1367 742 -1
5325 395 -1
1920 216 -1
4533 910 -1
772 170 -1
4883 507 -1
1167 62 -1
3337 557 -1
3833 659 -1
4069 117 -1
4571 936 -1
1709 878 -1
2353 123 -1
5108 252 -1
4827 824 -1
4539 125 1
3830 568 -1
2634 916 -1
4987 64 -1
327 53 -1
819 766 -1
1113 926 -1
4935 540 -1
1922 422 -1
3083 655 -1
3911 40 -1
195 658 -1
3174 987 -1
5235 979 -1
5064 344 -1
4062 213 -1
4377 59 -1
4596 556 -1
1206 859 -1
1564 696 -1
2714 484 -1
1740 422 -1
1488 335 -1
2652 848 -1
1118 749 -1
627 814 -1
4155 530 -1
717 987 -1
749 462 -1
451 986 -1
3480 214 -1
2935 534 -1
1829 76 -1
2729 535 -1
1658 312 -1
4711 51 -1
197 705 -1
482 914 -1
2785 69 -1
3248 534 -1
932 634 -1
3503 914 -1
3749 822 -1
2681 492 -1
3828 598 -1
2510 75 -1
4121 36 -1
313 915 -1
4024 869 -1
1913 578 -1
1193 315 -1
2701 747 -1
248 640 -1
1980 569 -1
1447 443 -1
496 61 -1
1194 110 -1
41 167 -1
4103 163 -1
189 329 -1
1394 64 -1
3715 183 -1
4478 697 -1
4935 334 -1
367 481 -1
4420 398 -1
1530 422 -1
3697 951 -1
3656 344 -1
3304 709 -1
3820 284 -1
2477 287 -1
1621 354 -1
4125 352 -1
3402 402 -1
2179 485 -1
1432 979 -1
2643 404 -1
46 343 1
224 411 -1
5062 74 -1
3799 228 -1
3799 263 -1
1699 565 -1
227 495 -1
1638 630 -1
3987 303 -1
465 4 -1
1623 492 -1
342 315 -1
2123 72 -1
949 792 -1
3598 185 -1
1971 847 -1
2514 54 -1
3321 22 -1
4685 789 -1
4065 873 -1
4541 320 -1
4420 38 -1
2285 848 -1
1803 685 -1
610 123 -1
1887 944 -1
2607 2 -1
2082 23 -1
1451 591 -1
3614 653 -1
4178 104 -1
790 867 -1
2315 578 -1
4000 229 -1
5241 781 -1
3323 99 -1
3331 386 -1
2054 995 -1
5388 651 -1
329 228 -1
2660 441 -1
3078 302 -1
4749 657 -1
4700 839 -1
727 895 -1
768 977 -1
618 414 -1
5042 205 -1
1837 454 -1
1581 206 -1
1805 365 -1
2401 585 -1
4606 199 1
794 503 -1
3123 876 -1
3434 708 -1
4954 380 -1
1755 542 -1
1098 714 -1
2095 1 -1
4057 204 -1
1208 847 -1
2707 287 -1
2906 437 -1
3425 392 -1
4585 434 -1
3787 802 -1
3588 403 -1
5221 496 -1
229 214 -1
4151 586 -1
3397 792 -1
2412 612 -1
3249 196 -1
226 947 -1
3592 272 -1
2646 751 -1
935 906 -1
5192 321 -1
2791 322 -1
3651 478 -1
3343 905 -1
3339 544 -1
5293 513 -1
1296 996 -1
4388 265 -1
3525 597 -1
2464 113 -1
4496 53 -1
765 344 -1
2835 501 -1
1908 675 -1
1449 886 -1
2705 585 -1
1057 464 -1
954 158 -1
1719 763 -1
4757 452 -1
1636 382 -1
101 846 -1
3919 737 -1
3678 586 -1
4858 891 -1
3632 54 -1
3239 789 -1
4394 968 -1
3987 157 -1
2377 967 -1
4382 912 -1
2807 125 -1
707 369 -1
1681 45 -1
1511 104 -1
1973 331 -1
1804 878 -1
959 832 -1
3477 372 -1
4565 409 -1
33 904 -1
194 342 -1
601 551 -1
1128 135 -1
4972 857 -1
48 529 -1
855 558 -1
808 409 -1
187 996 1
4182 169 -1
5252 585 -1
4882 808 -1
3181 716 -1
325 480 -1
1251 656 -1
2915 750 -1
89 588 -1
3472 281 -1
2093 214 -1
223 72 -1
5295 532 -1
3574 899 -1
3134 245 -1
799 134 -1
2060 392 -1
3561 89 -1
5133 281 -1
2776 866 -1
4330 337 -1
939 431 -1
1140 904 -1
1948 967 -1
3552 242 -1
2127 109 -1
2583 120 -1
2391 390 -1
1065 59 -1
1694 104 -1
764 978 -1
4202 67 -1
2306 76 -1
3423 32 -1
4109 817 -1
2376 559 -1
879 477 -1
400 173 -1
4023 961 -1
2050 856 1
3655 955 -1
4847 310 -1
5157 19 -1
1468 405 -1
5206 134 -1
287 696 -1
1906 901 -1
4876 292 -1
2326 888 -1
4674 845 -1
877 881 -1
3110 795 -1
3970 334 -1
5325 478 -1
1876 584 -1
1136 807 -1
1953 938 -1
1580 512 -1
421 197 1
2281 168 1
1115 415 -1
58 546 -1
4149 394 -1
110 549 -1
760 164 -1
4848 923 -1
1621 622 -1
2059 622 -1
727 18 -1
3327 159 -1
1017 761 -1
3236 873 -1
3733 118 -1
2079 284 -1
609 876 1
2928 72 -1
2520 558 -1
857 318 -1
3956 918 -1
2701 151 -1
2032 308 -1
3993 798 1
478 56 1
886 431 -1
1119 241 -1
500 494 -1
2802 551 -1
4950 607 -1
5340 370 -1
4038 443 -1
4411 676 -1
1219 647 -1
5050 13 -1
768 755 -1
4678 274 -1
4886 640 -1
2439 295 -1
2478 76 -1
3266 630 -1
506 742 -1
3890 49 -1
2271 410 -1
2068 732 -1
4399 302 -1
2640 631 -1
255 694 -1
1255 706 -1
2907 970 -1
3361 995 -1
1498 991 -1
1085 416 -1
4669 730 -1
81 166 -1
2822 635 -1
5337 763 -1
522 359 -1
2919 725 -1
2175 304 -1
5057 790 -1
4244 28 -1
3870 640 -1
2988 638 -1
240 327 1
1215 256 -1
3301 211 -1
1136 640 -1
2071 526 -1
1140 55 -1
2574 435 -1
717 844 -1
1510 275 -1
267 246 -1
2804 347 -1
1746 542 -1
4059 958 -1
1849 1000 -1
146 117 -1
5089 438 -1
4833 674 -1
455 481 -1
965 817 -1
4743 499 -1
1210 232 -1
3581 433 -1
361 424 -1
3596 465 -1
388 531 -1
1787 591 -1
3702 569 -1
4600 101 -1
78 396 -1
1707 71 -1
2467 686 -1
4237 932 -1
1567 839 -1
102 525 -1
903 240 -1
3480 11 -1
3159 827 -1
453 476 -1
2738 186 -1
4572 375 -1
4502 580 -1
3575 224 -1
1877 961 -1
2838 683 -1
2242 330 -1
4224 486 -1
714 554 -1
500 308 -1
2498 872 -1
192 715 -1
4388 132 -1
1132 362 -1
752 391 -1
2926 744 -1
1745 352 -1
5145 316 -1
3884 153 -1
203 321 -1
3847 30 1
623 325 -1
5045 931 -1
1145 315 -1
1744 931 -1
4818 657 -1
1649 59 -1
3700 930 -1
3683 51 -1
960 491 -1
5312 188 -1
1628 340 -1
2084 261 1
2320 226 -1
1599 688 -1
3412 697 -1
3327 395 -1
2441 529 -1
2034 46 -1
2752 663 -1
4374 466 -1
1978 633 -1
4617 344 -1
1220 266 -1
1464 536 -1
1924 99 -1
5184 39 -1
2627 137 -1
4746 758 -1
1593 561 -1
3741 743 -1
571 394 -1
3927 39 -1
5380 377 -1
4884 65 -1
2977 664 -1
2591 854 -1
4749 604 -1
2105 689 -1
3372 805 -1
2062 2 -1
3114 518 -1
2971 395 1
1693 89 -1
5188 332 -1
2213 593 -1
2705 887 -1
396 987 -1
540 272 -1
448 774 -1
5295 888 -1
2349 377 -1
5305 257 -1
4174 219 -1
4488 871 -1
4544 222 -1
4407 97 -1
924 346 -1
3215 866 -1
3630 218 -1
1594 423 -1
1378 731 -1
155 733 -1
879 390 -1
4408 451 -1
3171 967 -1
1455 511 -1
1637 848 -1
2295 730 -1
4908 185 -1
1545 521 -1
723 746 -1
5019 164 -1
4406 215 -1
2720 83 -1
1886 538 -1
3394 540 -1
2563 668 -1
3351 210 -1
1173 607 -1
1654 477 -1
1206 480 -1
2143 898 -1
982 71 -1
5400 530 -1
382 130 -1
5269 899 -1
4071 137 -1
123 452 -1
2126 935 -1
1894 267 -1
903 785 -1
4019 789 -1
521 190 -1
3568 716 -1
2238 364 -1
2513 470 -1
1564 45 -1
4945 705 -1
2063 702 -1
1068 263 -1
996 653 -1
3197 116 -1
1268 311 -1
4417 956 -1
2322 516 -1
2550 765 -1
3491 197 -1
2218 366 -1
944 51 -1
1987 384 -1
4435 288 -1
5187 445 -1
4505 578 -1
2720 63 -1
2982 714 -1
3893 832 -1
2800 825 -1
4870 256 -1
4802 487 -1
5139 244 -1
5006 699 -1
1870 375 -1
3606 130 -1
562 631 -1
5374 81 -1
3707 957 -1
2284 919 -1
4547 868 -1
799 331 -1
1818 992 -1
2751 58 -1
3124 118 -1
1633 90 -1
261 306 -1
5301 503 -1
5087 291 -1
4931 731 -1
5348 42 -1
722 968 -1
2139 235 -1
4169 56 -1
4677 873 -1
5349 236 -1
280 155 -1
4505 116 -1
1738 986 -1
4982 568 -1
2898 765 -1
4708 961 -1
1594 3 -1
1352 210 -1
3367 28 -1
1843 616 -1
4344 291 -1
4337 707 -1
1247 621 -1
177 784 -1
2383 797 1
2498 966 -1
3714 719 -1
1897 952 -1
4899 488 -1
4352 815 -1
1297 21 -1
853 731 -1
998 75 -1
3312 631 -1
3128 507 -1
3883 785 -1
4827 389 -1
3798 23 -1
1288 480 -1
4248 276 -1
4602 481 -1
1907 673 -1
993 430 -1
4527 204 -1
3872 592 -1
1907 862 -1
4182 767 -1
2739 940 -1
5016 61 -1
5157 491 -1
4361 233 -1
5161 335 -1
266 974 -1
4872 484 -1
3979 854 -1
1747 363 -1
3197 809 -1
4191 946 -1
5202 87 -1
4417 278 -1
1264 704 -1
1942 523 -1
2231 105 -1
507 648 -1
1719 560 -1
3746 618 -1
1979 743 -1
3996 151 -1
225 51 -1
167 603 -1
3053 231 -1
384 134 -1
966 320 -1
493 519 -1
2538 298 -1
3952 595 -1
2818 181 -1
2097 882 -1
1775 939 -1
255 613 -1
405 243 -1
3473 713 -1
2935 145 -1
1444 563 -1
3390 870 -1
2105 583 -1
50 329 -1
2732 584 -1
3222 658 -1
3222 469 -1
4517 177 -1
1977 776 -1
1633 784 -1
2296 595 -1
2686 110 1
2041 287 -1
964 953 -1
1962 280 -1
624 575 -1
1287 994 -1
2311 767 -1
3940 615 -1
1656 552 -1
112 371 -1
4330 807 -1
2071 906 -1
4914 157 -1
4658 911 -1
1492 290 -1
4553 262 -1
4364 703 -1
3574 605 -1
3801 323 -1
3895 886 -1
3802 850 -1
2710 53 -1
3928 616 -1
1363 128 -1
3356 560 -1
2939 995 -1
639 70 -1
1728 111 -1
1487 142 -1
1824 804 -1
3749 294 -1
1859 816 -1
1101 802 -1
3802 151 -1
3439 596 -1
96 21 -1
3029 436 -1
530 514 -1
1323 988 -1
860 821 -1
1505 95 -1
1104 171 -1
5241 893 -1
2172 523 -1
1267 911 -1
2006 372 -1
3605 815 -1
5290 137 -1
2626 347 -1
4645 576 -1
4208 462 -1
870 122 -1
5316 110 1
321 164 -1
3621 349 -1
726 371 -1
616 58 -1
3983 434 -1
2642 620 -1
4162 683 -1
2679 763 -1
3615 369 -1
3250 585 -1
1589 994 -1
690 283 -1
3326 896 -1
3328 125 -1
1557 89 -1
4335 987 -1
4615 87 -1
1436 321 -1
2255 715 -1
1699 172 -1
1671 472 -1
2132 27 -1
4412 375 -1
3684 211 -1
3952 344 -1
3098 77 -1
2515 634 -1
1094 358 -1
3203 942 -1
4475 917 -1
865 649 -1
5245 269 -1
3607 755 -1
334 20 -1
4214 286 -1
456 767 -1
1651 813 -1
4521 543 -1
606 734 -1
4049 636 -1
296 988 -1
1557 287 -1
4184 471 -1
239 342 -1
3966 109 -1
2968 209 -1
2703 208 -1
1376 220 -1
4499 185 -1
61 206 -1
3055 79 -1
2045 750 -1
1225 51 -1
4228 728 -1
4322 928 -1
5372 139 -1
3326 451 -1
4440 792 -1
3648 11 -1
4593 737 -1
2994 902 -1
3682 264 -1
647 942 -1
2638 669 -1
3695 853 -1
4975 175 -1
3106 931 -1
4073 769 -1
750 191 -1
2942 681 -1
1475 556 -1
2211 899 -1
104 18 -1
221 136 -1
1602 898 -1
581 363 -1
3234 587 -1
4975 901 -1
1311 486 -1
2958 55 -1
4893 720 -1
3121 876 -1
902 83 -1
1530 824 -1
696 454 -1
1223 768 -1
2182 699 -1
3513 46 -1
1557 606 -1
5270 640 -1
991 928 -1
1480 544 -1
2639 933 -1
1309 402 -1
1637 701 -1
4521 201 -1
3263 356 -1
847 447 -1
4768 281 -1
297 930 -1
4578 547 -1
4697 361 -1
795 648 -1
1181 983 -1
4995 482 1
3095 432 -1
1540 899 -1
3906 484 -1
1706 246 -1
3340 188 -1
5112 61 -1
2730 982 -1
4162 250 -1
3953 349 -1
3232 238 -1
3996 625 -1
2044 651 -1
2324 945 -1
4546 464 -1
2558 784 -1
3048 329 -1
1860 790 -1
3117 952 -1
28 194 1
177 418 -1
3665 878 -1
1489 148 -1
347 753 -1
577 211 -1
1090 905 -1
3147 743 -1
3809 963 -1
412 836 -1
5329 4 -1
2826 672 -1
892 675 -1
2929 504 1
575 781 -1
3704 116 -1
1753 185 -1
1628 428 -1
776 618 -1
1576 70 -1
4750 806 -1
4379 710 -1
5142 256 -1
5322 58 -1
2324 211 -1
5032 489 -1
3991 341 -1
1852 303 -1
3355 24 -1
5232 701 -1
749 50 -1
2454 154 -1
3520 844 -1
3400 273 -1
5164 573 -1
2507 353 -1
2550 933 -1
1126 949 -1
1717 509 -1
4252 955 -1
848 820 -1
3665 351 -1
4817 398 -1
207 443 -1
3470 527 -1
3271 811 -1
4116 253 -1
1036 254 -1
3710 132 1
580 164 -1
642 297 -1
1607 1 -1
4203 899 -1
1769 770 -1
2357 256 -1
4949 206 -1
1473 866 -1
5390 830 -1
1486 864 -1
2574 552 -1
3272 872 -1
958 420 -1
5386 917 -1
4475 487 -1
4767 316 -1
2268 269 -1
3778 431 -1
5339 477 -1
2112 36 -1
2912 287 -1
1963 295 -1
3410 47 -1
3831 430 -1
2109 545 -1
1165 752 -1
590 439 -1
4162 436 -1
5202 460 -1
890 664 -1
1199 111 -1
1897 926 -1
3234 872 -1
2047 890 -1
115 26 -1
4951 463 -1
4757 925 -1
27 110 -1
2702 490 -1
3049 551 -1
1637 477 -1
531 445 -1
2825 923 -1
2042 314 -1
4455 100 -1
1260 481 -1
4665 461 -1
4391 36 -1
1828 63 -1
5103 986 -1
1961 44 -1
3977 518 -1
3186 751 -1
2866 363 -1
5196 404 -1
303 440 -1
4088 834 -1
2683 253 -1
2139 19 -1
400 425 -1
4940 75 -1
3018 919 -1
2354 381 -1
1560 353 -1
5349 526 -1
5168 230 -1
2363 704 -1
544 926 -1
3261 655 -1
1196 809 -1
938 26 -1
263 994 -1
3178 289 -1
3697 188 -1
2696 619 -1
1504 577 -1
2921 761 -1
3347 373 1
3422 232 -1
5000 276 -1
843 509 -1
3029 339 -1
169 372 -1
2231 420 -1
1564 985 -1
806 219 -1
4386 141 -1
3623 973 -1
5144 502 -1
3688 971 -1
4293 758 -1
90 645 -1
3260 997 -1
2122 765 -1
4824 622 -1
4782 50 -1
4768 216 -1
3896 71 -1
3049 566 -1
2423 169 -1
1936 817 -1
1384 583 -1
5025 1000 -1
4330 379 -1
538 562 -1
4207 202 -1
1789 575 -1
380 357 -1
5235 337 -1
363 876 -1
742 206 -1
4218 799 -1
4863 106 -1
3408 147 1
4893 201 -1
908 377 -1
1912 472 -1
1490 662 -1
704 198 -1
1963 321 -1
1521 124 -1
1153 374 -1
3119 24 -1
5285 473 -1
1043 544 -1
722 612 -1
1473 800 -1
1873 956 -1
2078 732 -1
1260 556 -1
739 313 -1
1612 99 -1
4068 120 -1
5069 932 -1
4243 773 -1
1677 104 -1
3228 114 -1
2565 392 -1
449 362 -1
3013 486 -1
2211 190 -1
1053 825 -1
1254 554 -1
3721 354 -1
1305 649 -1
1053 880 -1
1714 999 -1
3150 581 -1
4714 392 -1
3966 54 -1
271 756 -1
2241 970 -1
4426 829 1
981 870 -1
4682 649 -1
3143 115 1
4166 575 -1
2745 704 -1
2255 634 -1
1345 873 -1
4349 271 -1
866 932 -1
1761 498 -1
4339 231 -1
3218 162 -1
3897 220 -1
1204 729 -1
5097 102 -1
1030 245 -1
1261 340 -1
2930 163 -1
3681 382 -1
4222 193 -1
2304 114 -1
2658 173 -1
4165 247 -1
2743 27 -1
3894 822 -1
2538 146 -1
1212 40 -1
4200 658 -1
520 915 -1
1776 579 -1
1627 649 -1
2118 579 -1
4813 796 -1
4504 389 -1
2628 15 -1
2176 821 -1
1525 213 -1
1406 293 -1
1787 989 -1
1935 508 -1
4160 22 -1
569 871 -1
20 437 -1
1824 585 -1
310 939 -1
1933 494 -1
1583 738 -1
927 560 -1
5170 619 -1
1306 155 -1
2730 590 -1
3377 964 -1
3120 667 -1
3938 453 -1
4314 378 -1
2628 595 -1
4476 954 -1
1345 468 -1
5050 551 -1
2044 256 -1
2026 543 -1
1643 958 -1
992 39 -1
1035 557 -1
2257 58 -1
276 738 -1
3558 452 -1
881 985 -1
3479 923 -1
1248 929 -1
2749 307 -1
867 109 -1
3427 471 -1
3600 962 -1
4066 814 -1
571 279 -1
5272 626 -1
5095 936 -1
1809 526 -1
665 821 -1
1953 782 -1
3979 637 -1
5165 379 -1
187 715 -1
2833 96 1
4104 406 -1
555 892 -1
972 740 -1
686 295 -1
4084 433 -1
3394 346 -1
3878 961 -1
1236 224 -1
134 124 -1
1903 539 -1
5282 384 -1
5255 990 -1
1431 169 -1
3776 271 -1
175 481 -1
3974 392 -1
4981 734 -1
3500 652 -1
1047 334 -1
5107 547 -1
4865 52 -1
3786 333 -1
4053 47 -1
2625 867 -1
4058 519 -1
2044 951 -1
2647 126 -1
3005 543 -1
3773 995 -1
957 17 -1
4584 905 -1
1231 333 -1
2264 343 -1
4578 150 -1
286 685 -1
2112 612 -1
3129 276 -1
1193 553 -1
493 515 -1
2631 484 -1
4016 407 1
1822 891 -1
1199 885 -1
3537 644 -1
4129 623 -1
4467 41 -1
3679 537 -1
3294 703 -1
880 755 -1
3194 43 -1
2595 937 -1
4567 104 -1
2237 28 -1
2907 511 -1
1910 32 -1
4583 274 -1
35 657 -1
2736 567 -1
3156 96 -1
138 954 -1
3116 203 -1
1662 625 -1
3484 429 -1
4764 551 -1
3691 950 -1
991 474 -1
4204 232 -1
4174 918 -1
5016 921 -1
2534 954 -1
494 563 -1
2912 206 -1
3618 759 -1
1656 697 -1
1960 874 -1
1997 836 -1
4510 954 -1
4514 885 -1
4448 389 -1
2523 459 -1
4949 444 -1
2244 434 -1
4048 496 -1
3621 563 -1
4734 896 -1
3593 551 -1
3957 756 -1
4560 890 -1
1039 278 -1
415 313 -1
3794 60 -1
4121 128 -1
2913 990 -1
5339 589 -1
4073 671 -1
417 620 -1
4466 957 -1
3115 895 -1
2068 457 -1
3102 969 -1
1833 107 -1
2806 72 -1
3050 208 -1
2762 851 -1
1116 496 -1
4133 423 -1
1091 746 -1
2849 186 -1
5385 954 -1
3565 158 -1
2445 137 -1
184 687 -1
4996 224 -1
3665 189 -1
3049 166 -1
2017 561 -1
2097 597 -1
3633 227 -1
2608 979 -1
1167 957 -1
2649 275 -1
5144 991 -1
2003 697 -1
2882 234 -1
1685 690 -1
4119 683 -1
4954 342 -1
4734 565 -1
162 906 -1
3999 265 -1
2779 253 -1
1126 788 -1
403 708 -1
1390 678 -1
804 142 1
318 547 -1
77 774 -1
4813 531 -1
4053 152 -1
4603 870 -1
147 410 -1
1944 764 -1
4820 1000 -1
2681 615 -1
2763 393 -1
5280 1 -1
2377 720 -1
1354 635 -1
4694 137 -1
3942 779 -1
931 240 -1
2669 959 -1
3823 87 -1
194 634 -1
5198 923 -1
3562 175 -1
542 151 -1
3845 169 -1
1312 891 -1
4325 588 -1
2214 436 1
2864 375 -1
5253 67 -1
189 575 -1
4422 105 -1
591 981 -1
1967 992 -1
918 685 -1
3318 909 -1
2464 207 -1
1034 207 -1
2882 816 -1
2081 340 -1
693 823 -1
4158 408 -1
463 802 -1
4433 916 -1
2791 313 -1
4100 264 -1
269 632 -1
2733 744 -1
787 274 -1
4998 839 -1
3419 614 -1
5165 665 -1
2866 579 -1
4454 817 -1
4164 32 -1
2671 521 -1
377 252 -1
161 294 -1
4497 330 -1
1964 113 -1
1847 685 -1
4964 573 -1
3854 30 -1
68 318 -1
3621 71 -1
1391 185 -1
1519 7 -1
1835 42 -1
1923 756 -1
240 441 1
477 49 -1
4555 116 -1
2093 849 -1
1878 333 -1
4458 422 -1
3546 470 -1
3657 515 -1
2949 41 -1
2242 712 -1
2027 919 -1
2542 301 -1
1360 314 -1
2551 191 -1
837 375 -1
631 976 -1
3868 223 -1
2738 851 -1
1980 924 -1
5154 984 -1
1979 266 -1
1785 652 -1
3103 917 -1
2709 351 -1
527 95 -1
3601 890 -1
3981 921 -1
4203 911 -1
3856 929 -1
2116 459 -1
1950 269 -1
1219 966 -1
2878 92 -1
2928 829 -1
1083 740 -1
4973 897 -1
4427 786 -1
3327 213 -1
3939 404 -1
1773 34 -1
4613 240 -1
4278 379 -1
2440 824 -1
3776 246 -1
1504 443 -1
2717 281 -1
1383 267 -1
349 397 -1
4302 687 -1
2557 293 1
3358 369 -1
2885 400 -1
3597 569 -1
50 978 -1
5122 666 -1
5302 350 -1
2105 604 -1
1787 421 -1
4022 734 -1
4753 597 1
4030 719 -1
4884 753 -1
890 169 -1
2 462 -1
443 850 -1
2255 581 -1
2851 478 -1
4870 282 -1
2576 248 -1
4431 851 -1
4078 89 -1
957 330 -1
4301 224 -1
5136 745 -1
1296 652 -1
2785 811 -1
4832 99 -1
4438 499 -1
485 904 -1
3832 527 -1
1686 746 -1
5391 437 -1
550 821 -1
2994 881 -1
2339 612 -1
1533 782 -1
4181 10 -1
4910 687 -1
4494 363 -1
3217 99 -1
478 642 -1
969 786 -1
2142 40 -1
755 766 -1
4908 590 -1
2492 355 -1
4804 635 -1
2813 308 -1
4241 358 -1
2247 337 -1
1801 71 -1
5393 672 -1
462 911 -1
3771 217 -1
836 951 -1
2398 782 -1
1147 453 -1
4259 884 -1
5103 589 -1
2783 108 -1
2492 871 -1
4335 218 -1
1874 90 -1
1338 906 -1
1426 436 -1
1283 786 -1
294 490 -1
1265 82 -1
55 99 -1
4793 353 -1
548 899 -1
2759 258 -1
1281 547 -1
5127 986 -1
3826 413 -1
5201 252 -1
2213 368 -1
1710 422 -1
4573 532 -1
3896 502 -1
4353 300 -1
2056 789 -1
2212 37 -1
4271 522 -1
1526 706 1
116 945 -1
1927 281 -1
1110 817 -1
211 758 -1
1975 797 -1
5130 331 -1
841 973 -1
4274 545 -1
1967 796 -1
905 533 -1
4414 188 -1
5330 105 -1
1044 476 -1
4515 282 -1
1445 13 -1
2306 91 -1
4427 296 -1
3834 694 -1
3074 457 -1
4550 636 -1
3813 120 -1
148 266 -1
4785 736 -1
4287 480 -1
854 97 -1
2995 461 -1
4036 731 -1
2348 329 -1
4494 482 -1
2537 444 -1
5046 920 -1
4990 668 -1
3025 472 -1
3241 307 -1
1781 903 -1
5297 161 -1
354 309 -1
5270 411 -1
1716 736 -1
2406 615 -1
4932 674 -1
1636 572 -1
4568 217 -1
852 539 -1
4267 513 -1
2682 418 -1
408 741 -1
1306 616 -1
4295 444 -1
603 310 -1
1564 133 -1
4350 222 -1
543 879 -1
3272 800 -1
4992 796 -1
3410 942 -1
4211 167 -1
5113 488 -1
374 422 -1
1029 490 1
1342 154 -1
714 481 -1
3484 239 -1
1669 480 -1
2332 150 -1
4360 914 -1
5308 253 -1
3545 268 -1
3174 58 -1
995 750 -1
2886 442 -1
4205 852 -1
5158 38 -1
595 674 -1
703 68 -1
4371 610 -1
5378 100 -1
2074 653 -1
303 116 -1
610 581 -1
4272 624 -1
661 554 -1
4056 70 -1
1900 489 -1
2553 899 -1
3286 110 -1
2252 338 -1
5017 342 -1
4435 293 -1
92 558 -1
4746 24 -1
2512 295 -1
2964 668 -1
3561 675 -1
2451 303 -1
5313 752 -1
1242 578 -1
5147 483 -1
4612 326 -1
4930 342 -1
164 693 -1
186 516 -1
562 633 -1
5004 700 -1
1064 24 -1
1732 612 -1
43 48 -1
3783 446 -1
3491 221 -1
5154 477 -1
2741 607 -1
5385 220 -1
4216 317 1
781 780 -1
2283 886 1
1699 554 -1
153 168 -1
5170 255 -1
3359 365 -1
841 365 -1
1518 443 -1
1461 472 -1
5397 870 -1
269 359 -1
579 2 1
689 14 -1
3027 152 -1
1802 773 -1
4393 649 -1
1884 635 -1
4813 1 1
3924 439 -1
776 9 -1
2802 767 -1
3166 511 -1
3607 312 -1
3855 951 -1
1195 672 -1
4521 82 -1
3237 461 -1
4198 831 -1
1486 95 -1
4205 65 -1
4424 66 -1
938 875 -1
4939 31 -1
1841 644 -1
3189 961 -1
3563 287 -1
772 612 -1
503 969 -1
3033 554 -1
5363 514 -1
1620 254 -1
4225 950 -1
4457 916 -1
3716 821 -1
1185 507 -1
3943 100 -1
3859 496 -1
3217 623 -1
2583 995 -1
4061 52 -1
1104 347 -1
273 836 -1
411 602 -1
831 680 -1
2463 975 -1
3607 371 -1
4982 939 -1
1255 400 -1
4491 556 -1
2258 112 -1
3836 581 -1
1246 979 -1
651 222 -1
1115 776 -1
4596 692 -1
3343 871 1
1105 876 -1
2295 639 -1
4056 924 -1
3024 542 1
3205 228 -1
3099 865 -1
4352 444 -1
4968 40 -1
1358 324 -1
2418 607 -1
3328 634 -1
5091 93 -1
1931 444 -1
887 438 -1
3243 575 -1
1143 147 -1
2706 560 -1
2130 372 -1
645 90 -1
2131 470 -1
3555 323 -1
807 594 -1
2393 279 -1
2511 403 -1
903 608 -1
3136 585 -1
842 444 -1
3410 762 -1
2204 370 -1
91 479 -1
4071 106 -1
5274 378 -1
406 607 -1
3265 562 -1
1870 922 -1
4834 254 -1
3258 746 -1
3055 703 -1
638 250 -1
2754 441 -1
3314 761 -1
4031 655 -1
3985 131 1
2669 724 -1
1273 685 -1
1485 279 -1
3701 781 -1
4858 539 -1
687 26 -1
164 674 -1
3022 636 1
4542 478 -1
2871 111 -1
2157 298 -1
2131 222 -1
1812 251 -1
2261 883 -1
2435 214 -1
1732 403 -1
1501 183 -1
830 320 -1
156 707 -1
4118 720 -1
116 312 -1
598 6 -1
4507 760 -1
2813 891 -1
1404 986 -1
4107 410 -1
3744 335 -1
3952 529 -1
1990 828 -1
4865 477 -1
1878 948 -1
3643 411 -1
1830 338 -1
820 802 -1
2963 624 -1
4305 919 -1
4017 609 -1
1499 217 -1
2345 762 -1
1043 411 -1
2558 267 -1
2327 858 -1
3190 481 -1
1322 436 -1
1204 933 -1
2875 778 -1
3724 370 -1
5253 46 -1
430 573 -1
749 502 -1
1748 412 -1
3104 353 -1
4965 412 -1
1209 427 1
301 943 -1
4365 847 -1
2584 871 -1
730 558 -1
2137 461 -1
2167 859 -1
232 166 -1
3066 462 -1
891 853 -1
3542 822 -1
90 688 -1
5337 889 -1
2667 109 -1
2709 602 -1
1644 737 -1
23 938 -1
722 450 -1
5231 633 -1
4343 702 -1
3126 735 -1
1847 846 -1
3279 166 -1
4776 789 -1
2187 972 1
5276 310 -1
4942 32 -1
896 806 -1
837 913 -1
1112 628 -1
3286 305 -1
1001 545 -1
2289 913 -1
3785 48 -1
852 626 -1
4095 673 -1
3590 496 -1
1645 938 -1
54 31 -1
4981 562 -1
4163 959 -1
3015 469 1
2366 727 -1
4025 382 -1
178 554 -1
2799 110 -1
4199 551 -1
3231 676 -1
4594 599 -1
4665 962 -1
2902 594 -1
2032 79 -1
5181 499 -1
3832 702 -1
953 187 -1
693 293 -1
1665 23 -1
2820 977 -1
2015 134 -1
1622 152 -1
4719 713 -1
1729 927 -1
2043 641 -1
1381 661 -1
3784 823 -1
900 799 -1
4687 35 -1
1386 799 -1
681 52 -1
884 225 -1
2993 802 -1
226 204 -1
3314 63 -1
274 834 -1
3782 639 -1
1685 198 -1
3023 206 -1
3536 898 -1
3658 735 -1
5344 522 -1
2250 147 -1
3496 233 -1
4934 788 -1
3010 636 -1
2672 299 -1
241 950 -1
4257 685 -1
5014 64 -1
1012 501 -1
2837 170 -1
200 817 -1
958 135 -1
1783 889 -1
1258 124 -1
1666 436 1
3669 891 -1
2356 956 -1
650 764 -1
2307 954 -1
3067 789 -1
2194 462 -1
1839 348 -1
3366 71 -1
4756 996 -1
906 411 -1
3863 49 -1
626 826 -1
2338 462 -1
3056 590 -1
5173 222 -1
803 880 -1
168 927 -1
3001 134 -1
5376 525 -1
2171 467 -1
3468 704 -1
4370 772 -1
2665 390 -1
4800 995 -1
2060 13 -1
4740 310 -1
5383 834 -1
490 776 -1
173 786 -1
915 364 -1
1641 437 -1
4226 883 -1
4838 24 -1
2485 995 -1
2425 39 -1
4374 187 -1
5284 222 -1
1589 452 -1
4710 542 -1
3117 452 -1
2525 639 -1
1855 562 -1
1262 411 -1
2447 296 -1
2352 582 -1
3810 558 -1
2460 750 -1
1995 598 -1
4335 113 -1
2484 361 -1
3747 941 -1
5119 673 -1
2275 843 -1
280 518 -1
5116 675 -1
2226 563 -1
4151 287 -1
4157 321 -1
2735 726 -1
748 729 -1
519 68 -1
2029 331 -1
882 976 -1
2124 122 -1
3516 371 -1
5044 848 -1
187 38 -1
1101 33 -1
2316 809 -1
1084 883 -1
3321 161 -1
618 987 -1
12 474 -1
4929 352 -1
348 534 -1
1226 225 -1
561 806 -1
2684 325 -1
4248 242 -1
1081 7 -1
1447 457 -1
2426 514 -1
5290 870 -1
2538 75 -1
5289 945 -1
1162 965 -1
3538 174 -1
1862 696 -1
3034 596 -1
4266 176 -1
4125 712 -1
499 18 -1
1349 223 -1
3447 79 -1
2893 412 -1
2713 416 -1
1376 607 -1
4335 481 -1
670 817 -1
3322 74 -1
5026 115 -1
3453 425 -1
2677 144 -1
3826 757 -1
511 319 -1
3301 516 -1
2189 379 -1
509 141 -1
2089 535 -1
4956 549 -1
2829 900 -1
4164 713 -1
4158 270 -1
4958 884 -1
3190 148 -1
4557 115 1
1845 210 -1
4529 281 -1
4941 841 -1
1667 436 -1
1153 60 -1
733 544 -1
1243 531 -1
1 941 -1
4575 664 -1
4813 839 -1
1247 391 -1
1267 227 -1
820 297 -1
652 175 -1
3735 591 -1
723 309 -1
1828 637 -1
511 56 -1
3594 830 -1
1725 17 -1
772 289 -1
4321 244 -1
1330 83 -1
4948 122 -1
4646 828 -1
3632 838 -1
1898 305 -1
999 986 -1
1319 45 -1
4272 38 -1
59 941 -1
1111 938 -1
3910 719 -1
1111 156 -1
2865 874 -1
193 54 -1
3741 933 -1
3020 726 -1
2091 967 -1
4097 175 -1
2886 369 -1
5001 74 -1
1791 773 -1
5247 903 -1
4508 958 -1
5113 937 -1
2606 2 -1
1350 225 -1
5001 755 -1
1208 224 -1
1250 60 -1
4262 25 -1
191 819 -1
1844 559 -1
3136 957 -1
2848 725 -1
5006 802 -1
2689 233 -1
4863 887 -1
3642 862 -1
3655 705 -1
2836 945 -1
5085 502 -1
4509 612 -1
815 421 -1
4227 978 -1
3799 822 -1
1242 170 -1
5074 747 -1
4813 680 -1
2188 577 -1
4871 157 -1
135 22 -1
2042 640 -1
5083 360 -1
4154 952 -1
4813 311 -1
2983 896 -1
437 387 -1
5112 685 -1
170 100 -1
489 648 -1
3828 234 -1
78 137 -1
3312 113 -1
2619 346 -1
2841 460 -1
4679 148 -1
4187 4 -1
4957 845 -1
4409 587 -1
1002 857 -1
753 656 -1
2632 257 -1
3480 44 -1
301 259 -1
4474 444 -1
1286 376 -1
1134 49 -1
731 495 -1
4926 582 -1
3091 806 -1
4102 70 -1
2299 475 -1
491 704 -1
3446 428 -1
5176 530 -1
670 346 -1
3640 864 -1
477 423 -1
3562 467 -1
2904 101 -1
5286 531 -1
3462 817 -1
2969 388 -1
783 286 -1
1321 24 -1
1309 81 -1
1416 257 -1
4174 732 -1
3139 552 -1
1788 920 -1
3609 232 -1
1603 966 -1
